time_data,pc_data,lep_data,rep_data
0,-1,0,0
0.01,-1,0,0
0.02,-1,0,0
0.03,-1,-5.49131403144371e-05,-5.20957419095847e-05
0.04,-1,-0.000310066028095533,-0.000375550795783733
0.05,-1,-0.0009583093571527,-0.00132519074782223
0.06,-1,-0.00220954215160025,-0.00320798278729171
0.07,-1,-0.004225081672712,-0.00613899920127385
0.08,-1,-0.00707543867230962,-0.0100802885735825
0.09,-1,-0.0108247009390191,-0.0150273979249451
0.1,-1,-0.0156270023844096,-0.0211023087252081
0.11,-1,-0.0216953632833073,-0.0285057357612286
0.12,-1,-0.0291424339507823,-0.0373149617724538
0.13,-1,-0.0379244441386959,-0.0474062868415877
0.14,-1,-0.0479869612190826,-0.058602585944303
0.15,-1,-0.0592917844206165,-0.0708432818882614
0.16,-1,-0.0718739620832089,-0.0842649212790026
0.17,-1,-0.0857757878198807,-0.0991135808536708
0.18,-1,-0.100919444933693,-0.115527954618369
0.19,-1,-0.117153036732074,-0.133364459287241
0.2,-1,-0.134431552300541,-0.152269375797752
0.21,-1,-0.152926529678703,-0.171976245442259
0.22,-1,-0.172779718317007,-0.192495057773587
0.23,-1,-0.193852198110735,-0.21403051128816
0.24,-1,-0.215932768216922,-0.236630715009473
0.25,-1,-0.238884358931122,-0.260169502297381
0.26,-1,-0.262565185472413,-0.284439912031518
0.27,-1,-0.286907486098949,-0.309327628064641
0.28,-1,-0.311997815715926,-0.33477508412286
0.29,-1,-0.33781183262185,-0.360711712364874
0.3,-1,-0.364186240894683,-0.387045961066266
0.31,-1,-0.390915516128907,-0.413775512058614
0.32,-1,-0.417837978519011,-0.44085368112259
0.33,-1,-0.444895691059449,-0.468059741123064
0.34,-1,-0.472156559233955,-0.495154908987119
0.35,-1,-0.499605032258111,-0.521998083361986
0.36,-1,-0.527025364404569,-0.548594389302583
0.37,-1,-0.554279799025374,-0.575118986691683
0.38,-1,-0.581410357762753,-0.601590979830858
0.39,-1,-0.608368227959637,-0.627786162318372
0.4,-1,-0.634910560733786,-0.653512000863618
0.41,-1,-0.660899397875509,-0.678780824295037
0.42,-1,-0.686394600731695,-0.703705867419834
0.43,-1,-0.711475582062955,-0.728335808161489
0.44,-1,-0.736084274763411,-0.752537773351251
0.45,-1,-0.759993438212854,-0.776094303048928
0.46,-1,-0.783015914886339,-0.79870100739592
0.47,-1,-0.805152448206246,-0.820194089022185
0.48,-1,-0.826515238105746,-0.840663148423936
0.49,-1,-0.847195409134792,-0.86040277759473
0.5,-1,-0.867095760826976,-0.879552959228774
0.51,-1,-0.886011417741928,-0.897976431442987
0.52,-1,-0.903830324813249,-0.915418361896709
0.53,-1,-0.920537706326451,-0.931719325894126
0.54,-1,-0.936217125209606,-0.946952198912015
0.55,-1,-0.95104881534268,-0.961350730294745
0.56,-1,-0.9651013859409,-0.974977161258454
0.57,-1,-0.978254648777978,-0.987636799624135
0.58,-1,-0.990394966126876,-0.999164149949227
0.59,-1,-1.0014649709712,-1.00961160683127
0.6,-1,-1.01154658664169,-1.01913567904227
0.61,-1,-1.02084956393172,-1.02781409281093
0.62,-1,-1.0295519045845,-1.03564141788145
0.63,-1,-1.03755801975406,-1.04253460078187
0.64,-1,-1.0445734765611,-1.04844364861102
0.65,-1,-1.05053195879198,-1.05345185414798
0.66,-1,-1.05572370142125,-1.05770870565932
0.67,-1,-1.06043807881225,-1.06129805699629
0.68,-1,-1.06464754225664,-1.06421585076964
0.69,-1,-1.06804280565004,-1.06644910171398
0.7,-1,-1.07041054563177,-1.06806179209145
0.71,-1,-1.0718886346834,-1.06912713998929
0.72,-1,-1.07283668730214,-1.06964999632747
0.73,-1,-1.07343473767743,-1.06965204025387
0.74,-1,-1.07353758736159,-1.06924968260996
0.75,-1,-1.0729323004347,-1.06848225746972
0.76,-1,-1.07160158811684,-1.06725547835224
0.77,-1,-1.06976725531532,-1.06554191438989
0.78,-1,-1.06773291807841,-1.0634515343003
0.79,-1,-1.06564097989047,-1.06115339716292
0.8,-1,-1.06334820798072,-1.05877912847726
0.81,-1,-1.06063989357959,-1.05631919478197
0.82,-1,-1.05750641692164,-1.05367616135943
0.83,-1,-1.05415429240352,-1.05080162468819
0.84,-1,-1.05084670866685,-1.04774570382563
0.85,-1,-1.04771664781095,-1.04462862449338
0.86,-1,-1.04469102016544,-1.04156174483977
0.87,-1,-1.04155766837826,-1.03854924828042
0.88,-1,-1.03809862247512,-1.03547074935376
0.89,-1,-1.03432650897999,-1.03221845905597
0.9,-1,-1.03053020060014,-1.02877075539369
0.91,-1,-1.02694554138049,-1.02518786477494
0.92,-1,-1.0234967593011,-1.02164750764189
0.93,-1,-1.01997983128763,-1.0183303570757
0.94,-1,-1.01636135491969,-1.01523324499319
0.95,-1,-1.01273442135255,-1.01214982638404
0.96,-1,-1.00917036749617,-1.008883190654
0.97,-1,-1.00568054344591,-1.00546709447697
0.98,-1,-1.00225477975312,-1.00211255601755
0.99,-1,-0.998920850602639,-0.999010752163736
1,-1,-0.995743376146435,-0.996195968539197
1.01,-1,-0.992752199256673,-0.993547672469003
1.02,-1,-0.989972877271555,-0.990933141592946
1.03,-1,-0.98740313711636,-0.988343489167517
1.04,-1,-0.98499184146548,-0.98588932425601
1.05,-1,-0.982703724814701,-0.983749933810693
1.06,-1,-0.980539420787032,-0.982037589398957
1.07,-1,-0.978508990080443,-0.980631083765903
1.08,-1,-0.976664667348578,-0.979281462699068
1.09,-1,-0.975118652880929,-0.977872685347997
1.1,-1,-0.973931542564964,-0.976535742384615
1.11,-1,-0.973027960569215,-0.97552401869595
1.12,-1,-0.972274510715807,-0.974945280677095
1.13,-1,-0.971617253898724,-0.974633647261848
1.14,-1,-0.97115575044051,-0.974316953282008
1.15,-1,-0.971052641114333,-0.973898778563077
1.16,-1,-0.971381190730246,-0.973510679851906
1.17,-1,-0.972052945513515,-0.973317818181391
1.18,-1,-0.972794357229797,-0.973372631003676
1.19,-1,-0.973360342528578,-0.973610817385558
1.2,-1,-0.973836620060533,-0.97396923419495
1.21,-1,-0.974572949420195,-0.974464215679695
1.22,-1,-0.97584608937422,-0.975110522592374
1.23,-1,-0.977568064478997,-0.975836780929156
1.24,-1,-0.979350640870036,-0.976559788201059
1.25,-1,-0.980919074214094,-0.977326977010899
1.26,-1,-0.982336944804721,-0.978234918249224
1.27,-1,-0.983816346380452,-0.979275352260272
1.28,-1,-0.985519081473731,-0.980377116322882
1.29,-1,-0.987469522144234,-0.981430721036047
1.3,-1,-0.989491006757845,-0.982357797811334
1.31,-1,-0.991341198186546,-0.983238660391336
1.32,-1,-0.992964189391811,-0.984282166218462
1.33,-1,-0.994529913615358,-0.985606267958195
1.34,-1,-0.996241696288036,-0.987120511479502
1.35,-1,-0.99809467654198,-0.988703094358175
1.36,-1,-0.999872364156553,-0.990320285702526
1.37,-1,-1.00135076521766,-0.991966801042614
1.38,-1,-1.00252604848504,-0.993629810161909
1.39,-1,-1.00371463466133,-0.995301489556888
1.4,-1,-1.00525745114976,-0.997009255824533
1.41,-1,-1.00713371603945,-0.998776770207178
1.42,-1,-1.00902166453061,-1.00058728155804
1.43,-1,-1.01064056113966,-1.00240231532663
1.44,-1,-1.0119877740473,-1.00413324538292
1.45,-1,-1.01330434455311,-1.00571351887303
1.46,-1,-1.01481489533879,-1.00722120287025
1.47,-1,-1.0165006673333,-1.00879799283874
1.48,-1,-1.01812542067729,-1.01044224286623
1.49,-1,-1.01947869174197,-1.0119899718941
1.5,-1,-1.02056531918613,-1.01330189763417
1.51,-1,-1.02155396659137,-1.01441140816617
1.52,-1,-1.02259852469869,-1.01548711783296
1.53,-1,-1.02369620568907,-1.01670461008819
1.54,-1,-1.02470278821762,-1.01807429991939
1.55,-1,-1.02552077973512,-1.01938663089109
1.56,-1,-1.02617625828121,-1.02046659376207
1.57,-1,-1.02677247869867,-1.02134196266648
1.58,-1,-1.02742303304655,-1.02210946809215
1.59,-1,-1.02812396636406,-1.0227974001386
1.6,-1,-1.02876289670311,-1.02342994532375
1.61,-1,-1.02920542083279,-1.02408617733662
1.62,-1,-1.02939209612043,-1.02479892351738
1.63,-1,-1.02940769154873,-1.02552394128826
1.64,-1,-1.02935815115853,-1.02619323128853
1.65,-1,-1.02926546106356,-1.02680497244679
1.66,-1,-1.02909503461576,-1.02741660199211
1.67,-1,-1.02880086946624,-1.02803323468509
1.68,-1,-1.02839254015951,-1.02861784358858
1.69,-1,-1.02793998699529,-1.02913096651844
1.7,-1,-1.02749762266484,-1.02950464538133
1.71,-1,-1.02706622176827,-1.02971371942672
1.72,-1,-1.0266180593774,-1.02986652048157
1.73,-1,-1.02615940985031,-1.03007876550073
1.74,-1,-1.02567910178461,-1.03030101371676
1.75,-1,-1.02505691249719,-1.03032739548727
1.76,-1,-1.02418095497921,-1.03001048063914
1.77,-1,-1.02312343136393,-1.02945607784021
1.78,-1,-1.02210129527519,-1.02889839910937
1.79,-1,-1.02126996590963,-1.02847309092668
1.8,-1,-1.02060445840888,-1.02815130211131
1.81,-1,-1.01992724846385,-1.02780929937862
1.82,-1,-1.01906495015004,-1.02736709248486
1.83,-1,-1.01804160618189,-1.02683403723933
1.84,-1,-1.01704336946424,-1.0262404191207
1.85,-1,-1.01617395910232,-1.02558902451374
1.86,-1,-1.01533162231245,-1.02489189439523
1.87,-1,-1.01434381748605,-1.02422725005769
1.88,-1,-1.01324297500035,-1.0236976511977
1.89,-1,-1.0122728712297,-1.02330892548765
1.9,-1,-1.01163298086794,-1.02292712288686
1.91,-1,-1.01127186533576,-1.02238173110216
1.92,-1,-1.01092785034736,-1.0216138518696
1.93,-1,-1.01038730681043,-1.02073022046431
1.94,-1,-1.00959302339895,-1.01990808367454
1.95,-1,-1.00870078590458,-1.01923818148123
1.96,-1,-1.00800691486572,-1.01865024977431
1.97,-1,-1.00762156184626,-1.01797883282477
1.98,-1,-1.00734256724559,-1.0171253449754
1.99,-1,-1.00689943841917,-1.01619856522902
2,-1,-1.00628852334917,-1.01542711979386
2.01,-1,-1.00575759903548,-1.01496566183361
2.02,-1,-1.00551931617473,-1.01477620110886
2.03,-1,-1.00553643386915,-1.01461209863237
2.04,-1,-1.0055493642523,-1.01422792075833
2.05,-1,-1.0053962567585,-1.01360980629124
2.06,-1,-1.00517294594631,-1.01296721928641
2.07,-1,-1.00504722027511,-1.01251044079884
2.08,-1,-1.00507457455432,-1.01222527481996
2.09,-1,-1.00516675035028,-1.01192669871773
2.1,-1,-1.00519225331047,-1.01149057283258
2.11,-1,-1.00512503589548,-1.01099551710713
2.12,-1,-1.00504408440295,-1.010614188551
2.13,-1,-1.0050197811352,-1.01036227434263
2.14,-1,-1.00513223623905,-1.01009198041472
2.15,-1,-1.00546596576034,-1.0096876157313
2.16,-1,-1.00590429060065,-1.00921371170134
2.17,-1,-1.00616264329416,-1.00888544205434
2.18,-1,-1.00616619920866,-1.00883517356512
2.19,-1,-1.00615178152723,-1.00894223606434
2.2,-1,-1.00633212664714,-1.00894048030154
2.21,-1,-1.00669420585749,-1.00875950807577
2.22,-1,-1.00710606016776,-1.00865790918203
2.23,-1,-1.00747622387339,-1.008906299054
2.24,-1,-1.00778424613188,-1.0095163135372
2.25,-1,-1.00801676352503,-1.01024442503441
2.26,-1,-1.00821776246237,-1.01073554783296
2.27,-1,-1.00850901940647,-1.01079871870626
2.28,-1,-1.00892216838141,-1.01061781830909
2.29,-1,-1.00932976167759,-1.01060664482892
2.3,-1,-1.00960583918322,-1.01100693231572
2.31,-1,-1.00976448307462,-1.01163298343452
2.32,-1,-1.00996021026216,-1.01206979675832
2.33,-1,-1.01033748377635,-1.01209941091687
2.34,-1,-1.01087014673519,-1.01187449753467
2.35,-1,-1.01137285010164,-1.01174336510677
2.36,-1,-1.0117149881831,-1.01191892560069
2.37,-1,-1.0119817744613,-1.01229491524437
2.38,-1,-1.01230969555948,-1.01257102835057
2.39,-1,-1.01267967977124,-1.01253623517869
2.4,-1,-1.01297391009067,-1.01228192296406
2.41,-1,-1.01313082594295,-1.01210000447643
2.42,-1,-1.01318035118248,-1.01221428053893
2.43,-1,-1.0131566603607,-1.01262864248905
2.44,-1,-1.01310124395248,-1.01309470752853
2.45,-1,-1.01313006072152,-1.01329814032393
2.46,-1,-1.01330793590789,-1.01315243008134
2.47,-1,-1.01352230448999,-1.01288724405598
2.48,-1,-1.01354284883358,-1.01285332356801
2.49,-1,-1.01327372503757,-1.01322779253463
2.5,-1,-1.01291124307488,-1.01387691224979
2.51,-1,-1.01272821400259,-1.01446889078471
2.52,-1,-1.01281842882189,-1.01478642212066
2.53,-1,-1.01305371492674,-1.01492949467465
2.54,-1,-1.0132008973689,-1.01519903788635
2.55,-1,-1.01311225951041,-1.01577456494782
2.56,-1,-1.01287020928627,-1.01651542660286
2.57,-1,-1.01274489307455,-1.0171065212109
2.58,-1,-1.0129397783321,-1.01736433234217
2.59,-1,-1.01337735745827,-1.01741699962727
2.6,-1,-1.0137595551829,-1.01755811611217
2.61,-1,-1.01387573685581,-1.01790277172918
2.62,-1,-1.01376916050774,-1.01824578225827
2.63,-1,-1.01360010395208,-1.01829441611053
2.64,-1,-1.01347738403802,-1.01797034803828
2.65,-1,-1.01344008073932,-1.01743892419881
2.66,-1,-1.01350920812958,-1.01693110850039
2.67,-1,-1.01357923142313,-1.0165835015948
2.68,-1,-1.01342397910515,-1.01637698587256
2.69,-1,-1.01302269559918,-1.01617757114501
2.7,-1,-1.01265880397385,-1.01585170787515
2.71,-1,-1.01260139226582,-1.01539543709544
2.72,-1,-1.01283645549261,-1.0149014193678
2.73,-1,-1.01312872318173,-1.0144829105816
2.74,-1,-1.01324632384331,-1.01423479521367
2.75,-1,-1.01311977656993,-1.01411757883387
2.76,-1,-1.01286315648214,-1.01396126419226
2.77,-1,-1.01266833000674,-1.01363247548236
2.78,-1,-1.01270250403013,-1.01319671913107
2.79,-1,-1.01298091402312,-1.01286445377799
2.8,-1,-1.01327667086768,-1.01276291973041
2.81,-1,-1.01332707948971,-1.01278533819111
2.82,-1,-1.01311650947247,-1.01269490985507
2.83,-1,-1.01291832982842,-1.01241263943209
2.84,-1,-1.01308929727973,-1.01204385557539
2.85,-1,-1.013682483301,-1.01174789995165
2.86,-1,-1.01428879737738,-1.01165408014911
2.87,-1,-1.01446067408479,-1.01177923030396
2.88,-1,-1.01422649192901,-1.01204275005248
2.89,-1,-1.0140671193001,-1.012297955145
2.9,-1,-1.01439554018119,-1.01240400815111
2.91,-1,-1.01507846300031,-1.0123222098272
2.92,-1,-1.01558527918104,-1.01220702980046
2.93,-1,-1.01554205379113,-1.0123230347033
2.94,-1,-1.01508167597958,-1.01269739780022
2.95,-1,-1.01474054267339,-1.01304314680318
2.96,-1,-1.014908809275,-1.01315473997143
2.97,-1,-1.01540868537627,-1.01308249785671
2.98,-1,-1.01570331451279,-1.01298427589009
2.99,-1,-1.01545692384092,-1.0129906263283
3,-1,-1.01489986948647,-1.0131227155592
3.01,-1,-1.01460082589712,-1.01331531753364
3.02,-1,-1.01484489819102,-1.01346583847121
3.03,-1,-1.01534454697719,-1.01349194116166
3.04,-1,-1.01558734539991,-1.01344843678206
3.05,-1,-1.01538384241231,-1.01351523381163
3.06,-1,-1.01505540079902,-1.01380903412705
3.07,-1,-1.01504300001179,-1.01429132871889
3.08,-1,-1.01536503074399,-1.01483864958506
3.09,-1,-1.01564953051038,-1.01536402400198
3.1,-1,-1.01555864585081,-1.01587748627636
3.11,-1,-1.01506925210927,-1.01643923838368
3.12,-1,-1.01448446524622,-1.01705956969096
3.13,-1,-1.01416227568914,-1.01762690987525
3.14,-1,-1.01421367884745,-1.01803181148135
3.15,-1,-1.01442477259775,-1.01837056258908
3.16,-1,-1.01444632627432,-1.01879452852306
3.17,-1,-1.0141160476396,-1.01926617284284
3.18,-1,-1.01360024611551,-1.01963754456963
3.19,-1,-1.01319812538033,-1.01979453859978
3.2,-1,-1.01306514340013,-1.01971356255151
3.21,-1,-1.01307987587831,-1.0194908762957
3.22,-1,-1.01295168583268,-1.01926925395547
3.23,-1,-1.01254693483973,-1.01913990489483
3.24,-1,-1.01205340420174,-1.01914044500113
3.25,-1,-1.01179898919442,-1.01923918607132
3.26,-1,-1.01185205329884,-1.01934440950392
3.27,-1,-1.01191419006147,-1.01945939921148
3.28,-1,-1.01171041144861,-1.01970145559183
3.29,-1,-1.01130431653973,-1.02009469977113
3.3,-1,-1.01101303062039,-1.02050330501917
3.31,-1,-1.01101618812855,-1.0207281161505
3.32,-1,-1.01111681371698,-1.02064944648596
3.33,-1,-1.01101341675341,-1.02032423090773
3.34,-1,-1.01064716516832,-1.01992201079397
3.35,-1,-1.01019390094597,-1.01958523581817
3.36,-1,-1.0099041546669,-1.01930615998814
3.37,-1,-1.00991967467556,-1.01890759296161
3.38,-1,-1.01010778538768,-1.01824105142821
3.39,-1,-1.01016890082985,-1.01740818557134
3.4,-1,-1.00990570072832,-1.01664943149706
3.41,-1,-1.00936456350778,-1.01607275948533
3.42,-1,-1.00876569576131,-1.01558936660036
3.43,-1,-1.0083363989043,-1.0150397764058
3.44,-1,-1.0081680018361,-1.01436911958391
3.45,-1,-1.00813196041192,-1.01365169051473
3.46,-1,-1.00799284242228,-1.01296392073052
3.47,-1,-1.00762709113347,-1.0123366635866
3.48,-1,-1.00712415917502,-1.01176402627606
3.49,-1,-1.00668045309349,-1.01118900413295
3.5,-1,-1.00641785222302,-1.01052938076162
3.51,-1,-1.00631655713302,-1.00977145926964
3.52,-1,-1.00629818620773,-1.00904525211212
3.53,-1,-1.0062989631694,-1.00851037854314
3.54,-1,-1.0062731665702,-1.0081748392073
3.55,-1,-1.00618180309771,-1.00791632181747
3.56,-1,-1.00600357333733,-1.00759760179756
3.57,-1,-1.00578656263876,-1.00717773963068
3.58,-1,-1.00556890247231,-1.0067655511231
3.59,-1,-1.00533948924023,-1.00655373420875
3.6,-1,-1.00517237705187,-1.00663451498816
3.61,-1,-1.00517466788723,-1.00683522399173
3.62,-1,-1.00532422807058,-1.00692251267132
3.63,-1,-1.00548565220037,-1.00692069638488
3.64,-1,-1.00550233845131,-1.00704591078632
3.65,-1,-1.00533433016859,-1.00742657879924
3.66,-1,-1.00514450158406,-1.00794969368968
3.67,-1,-1.00510583891329,-1.00839913031872
3.68,-1,-1.00521856390427,-1.00869961588811
3.69,-1,-1.0053526114688,-1.0089368812861
3.7,-1,-1.00536949132303,-1.00918620332379
3.71,-1,-1.00522898066119,-1.0094322705177
3.72,-1,-1.00500509081847,-1.00966504722378
3.73,-1,-1.00483662582065,-1.00992919121562
3.74,-1,-1.004805797932,-1.01027909882656
3.75,-1,-1.00485310498658,-1.01070061172124
3.76,-1,-1.00481781879263,-1.01107178715757
3.77,-1,-1.00454731813959,-1.01131194818596
3.78,-1,-1.00400705081108,-1.01145513463435
3.79,-1,-1.00335157382435,-1.01156539726536
3.8,-1,-1.00286343993264,-1.01170559205783
3.81,-1,-1.00269153344259,-1.01191568451197
3.82,-1,-1.0026761836,-1.01219223465617
3.83,-1,-1.0025455626975,-1.01253608178157
3.84,-1,-1.00220495700164,-1.01293571938819
3.85,-1,-1.00182081469173,-1.01333015858355
3.86,-1,-1.00167082462088,-1.01361190870206
3.87,-1,-1.00184892830214,-1.0137478374628
3.88,-1,-1.0021558045377,-1.01388871809464
3.89,-1,-1.00234893312244,-1.01416871979595
3.9,-1,-1.00237104786568,-1.01451648824714
3.91,-1,-1.00233178356578,-1.01479200919348
3.92,-1,-1.00243901759793,-1.01499169436279
3.93,-1,-1.00280328954821,-1.01519878302697
3.94,-1,-1.00328411222648,-1.01543863852555
3.95,-1,-1.00364513963196,-1.01564907068842
3.96,-1,-1.00379498780388,-1.01580783447751
3.97,-1,-1.00386010432043,-1.01598584085548
3.98,-1,-1.00407616121662,-1.01620778398244
3.99,-1,-1.00460404522986,-1.01644289459814
4,-1,-1.00539385235858,-1.01665540460074
4.01,-1,-1.00623074876679,-1.01680642765527
4.02,-1,-1.00692650480644,-1.01687142579386
4.03,-1,-1.00750801491157,-1.01687001823553
4.04,-1,-1.00816975966604,-1.01691317394432
4.05,-1,-1.00903441934874,-1.01711187081686
4.06,-1,-1.0100169492968,-1.01739967498985
4.07,-1,-1.01088222086878,-1.01759049125585
4.08,-1,-1.01146752820814,-1.01758812819823
4.09,-1,-1.01183457090564,-1.01745798776121
4.1,-1,-1.01220227067969,-1.0173786125514
4.11,-1,-1.01274222390417,-1.01750642758745
4.12,-1,-1.01344436427125,-1.01786833140472
4.13,-1,-1.01412457763152,-1.01833048618798
4.14,-1,-1.01458836933293,-1.01865087545715
4.15,-1,-1.01484420629615,-1.01866568047724
4.16,-1,-1.0150709526276,-1.01839869567041
4.17,-1,-1.01541911181367,-1.01803595358301
4.18,-1,-1.01592500532994,-1.01773167617211
4.19,-1,-1.01654809136913,-1.01745317837337
4.2,-1,-1.01720065932684,-1.01710955109747
4.21,-1,-1.0177818639614,-1.01676251190646
4.22,-1,-1.01827176276276,-1.01661373685384
4.23,-1,-1.01867501058595,-1.0167835000417
4.24,-1,-1.01893747282645,-1.01713904745006
4.25,-1,-1.01905112148769,-1.0173718683284
4.26,-1,-1.01913800836269,-1.01730678219775
4.27,-1,-1.01929341799003,-1.01708232881522
4.28,-1,-1.01945232759791,-1.01701062259176
4.29,-1,-1.01946835820138,-1.0172897035468
4.3,-1,-1.01923735851005,-1.01779080259282
4.31,-1,-1.0188588435565,-1.01818309887647
4.32,-1,-1.01861685923794,-1.01828653124442
4.33,-1,-1.01863896569404,-1.01818492261674
4.34,-1,-1.01873509894346,-1.01814809637913
4.35,-1,-1.0186172343368,-1.01843051500708
4.36,-1,-1.01817847937462,-1.01898878527498
4.37,-1,-1.01761178046566,-1.01950872881563
4.38,-1,-1.01718987773105,-1.01974757016944
4.39,-1,-1.0169955567662,-1.01977573399601
4.4,-1,-1.01696183092928,-1.01984555514904
4.41,-1,-1.01702938650746,-1.02013571882123
4.42,-1,-1.01718014097809,-1.02065694949415
4.43,-1,-1.0173595225039,-1.02128446110377
4.44,-1,-1.01744191185342,-1.0218237272666
4.45,-1,-1.01731289779907,-1.02213082389374
4.46,-1,-1.01698825821789,-1.02219575757046
4.47,-1,-1.01664461511254,-1.02214180216077
4.48,-1,-1.01651567481011,-1.02215710275137
4.49,-1,-1.01666105409614,-1.02230887202994
4.5,-1,-1.01685791070163,-1.02250388051776
4.51,-1,-1.01678951330484,-1.02261954247499
4.52,-1,-1.01632458893596,-1.02252213421574
4.53,-1,-1.01563136535588,-1.02215298274805
4.54,-1,-1.01503789646587,-1.02166372832277
4.55,-1,-1.01475048178612,-1.0213088822484
4.56,-1,-1.01470020714206,-1.02123349151015
4.57,-1,-1.01467491021672,-1.02134104712209
4.58,-1,-1.01453700402702,-1.02133732435313
4.59,-1,-1.01430663925908,-1.02100990522965
4.6,-1,-1.01411120052757,-1.02047632498017
4.61,-1,-1.01403967415307,-1.02008224340446
4.62,-1,-1.01402897735425,-1.02005850270512
4.63,-1,-1.01392145311786,-1.02031476887584
4.64,-1,-1.01361206918988,-1.02055596000167
4.65,-1,-1.01315100367543,-1.02056467932556
4.66,-1,-1.01269658412189,-1.02035183085387
4.67,-1,-1.01237013015733,-1.02008781220581
4.68,-1,-1.01217820817152,-1.01994251604126
4.69,-1,-1.01201943277245,-1.01993965842278
4.7,-1,-1.01182393151524,-1.01993834065546
4.71,-1,-1.01167436985771,-1.01977909542294
4.72,-1,-1.01167369497222,-1.01942562240827
4.73,-1,-1.01178987455136,-1.01894392561614
4.74,-1,-1.01189483719307,-1.01844012043785
4.75,-1,-1.01187060931966,-1.01799765653922
4.76,-1,-1.01168123229608,-1.01762823393965
4.77,-1,-1.01142900707908,-1.01729332606049
4.78,-1,-1.01127418690045,-1.01693286076967
4.79,-1,-1.01126459288123,-1.01651736721548
4.8,-1,-1.01131785558971,-1.01607436189615
4.81,-1,-1.0113576624112,-1.01568503264581
4.82,-1,-1.01141372524455,-1.0154419694572
4.83,-1,-1.01160281274009,-1.01533879261854
4.84,-1,-1.01199277633087,-1.01519394191287
4.85,-1,-1.01245745829732,-1.01482585474423
4.86,-1,-1.01276592964406,-1.0143280627395
4.87,-1,-1.01284139019175,-1.01400465250772
4.88,-1,-1.01284322529193,-1.01403494996361
4.89,-1,-1.01300914235937,-1.01429102737095
4.9,-1,-1.01336833766135,-1.01448294615998
4.91,-1,-1.01365805785451,-1.01443848587528
4.92,-1,-1.01366418844352,-1.01426486486835
4.93,-1,-1.01348523864277,-1.01424157750405
4.94,-1,-1.01337045326739,-1.01454816022211
4.95,-1,-1.01340951136424,-1.01507183593098
4.96,-1,-1.01350597003818,-1.01546949191673
4.97,-1,-1.01354996333799,-1.01545940107423
4.98,-1,-1.0134896333475,-1.01508335499693
4.99,-1,-1.01337785058402,-1.01471765275599
5,-1,-1.01331036026788,-1.01472076493676
5.01,-1,-1.01328798476128,-1.015048096546
5.02,-1,-1.01325025137838,-1.01536531394879
5.03,-1,-1.01321246088864,-1.01540793694826
5.04,-1,-1.01321963753878,-1.01515493916975
5.05,-1,-1.01320048200611,-1.01482469849684
5.06,-1,-1.01304868026948,-1.01468105200933
5.07,-1,-1.01277182540582,-1.01480840699938
5.08,-1,-1.01245693650212,-1.01505076076589
5.09,-1,-1.01217672053209,-1.01512525560111
5.1,-1,-1.01194754271308,-1.01484188274725
5.11,-1,-1.01173459550229,-1.01428858363563
5.12,-1,-1.01149252551147,-1.01380785747739
5.13,-1,-1.01116157325667,-1.01367867553822
5.14,-1,-1.01075464520723,-1.01378680541386
5.15,-1,-1.01042671800135,-1.0137113821146
5.16,-1,-1.01028354020684,-1.01315838574931
5.17,-1,-1.01021700171159,-1.01227044972466
5.18,-1,-1.01002854821364,-1.01146973473441
5.19,-1,-1.0096679007656,-1.01106510860962
5.2,-1,-1.00926117430787,-1.0110388007539
5.21,-1,-1.00900297649751,-1.01108927433375
5.22,-1,-1.00898999357325,-1.01092201540987
5.23,-1,-1.00908570747021,-1.01051912840734
5.24,-1,-1.00907051607875,-1.01009494689972
5.25,-1,-1.00888988675676,-1.00993062059599
5.26,-1,-1.00866323677706,-1.01015386421084
5.27,-1,-1.00849321172662,-1.01059598335785
5.28,-1,-1.00837998977121,-1.01091867631107
5.29,-1,-1.00827857083772,-1.01085461366195
5.3,-1,-1.00820119130384,-1.01040978693437
5.31,-1,-1.00825980095578,-1.00988818808694
5.32,-1,-1.00847324555429,-1.00960946628554
5.33,-1,-1.00866886450331,-1.0096046451556
5.34,-1,-1.00870022075989,-1.00964287345639
5.35,-1,-1.00855775436995,-1.00947607270446
5.36,-1,-1.00829686388669,-1.00905812120756
5.37,-1,-1.0080068160238,-1.00857550256692
5.38,-1,-1.00777009390397,-1.0082596635164
5.39,-1,-1.00761692669882,-1.00817540208658
5.4,-1,-1.00749486615036,-1.00824241881657
5.41,-1,-1.00728729168453,-1.00830778826469
5.42,-1,-1.00696422752304,-1.0082278879347
5.43,-1,-1.00662546999373,-1.00803597164639
5.44,-1,-1.00632410316592,-1.00791059749698
5.45,-1,-1.00604728141723,-1.00791549378832
5.46,-1,-1.00581008691484,-1.00790181563544
5.47,-1,-1.00567032685288,-1.00775610288724
5.48,-1,-1.00571053433306,-1.00755332443
5.49,-1,-1.00591980405077,-1.0073992544355
5.5,-1,-1.00612293814568,-1.00732271927982
5.51,-1,-1.00608060221586,-1.00729321736221
5.52,-1,-1.00572177957264,-1.00727410614302
5.53,-1,-1.00528114376987,-1.00729171064814
5.54,-1,-1.00509504634907,-1.00739195111943
5.55,-1,-1.00529696199531,-1.00759344371564
5.56,-1,-1.00572601709444,-1.00789737253283
5.57,-1,-1.00608275197731,-1.00824895347055
5.58,-1,-1.00617800179722,-1.00855814508019
5.59,-1,-1.00611090494349,-1.00879962310005
5.6,-1,-1.0061523619545,-1.00903018763478
5.61,-1,-1.00644426906788,-1.00936106864268
5.62,-1,-1.00687923496014,-1.00987519351475
5.63,-1,-1.0072026684192,-1.01050858671979
5.64,-1,-1.00727360715543,-1.01108575385223
5.65,-1,-1.00725410879344,-1.01152070972165
5.66,-1,-1.00740076648501,-1.01190036440741
5.67,-1,-1.0077060058418,-1.01234811109571
5.68,-1,-1.00794389438072,-1.01286238270795
5.69,-1,-1.00798543013711,-1.01331224186294
5.7,-1,-1.00791825273404,-1.01358494011101
5.71,-1,-1.00798920558506,-1.01365620113681
5.72,-1,-1.00845297474064,-1.0135709241299
5.73,-1,-1.00929786058329,-1.01342741000897
5.74,-1,-1.01018102598513,-1.01333057360036
5.75,-1,-1.01074758225417,-1.01331170528229
5.76,-1,-1.01093103367797,-1.01328035713866
5.77,-1,-1.01099340063353,-1.01309234640035
5.78,-1,-1.01131567087708,-1.01272831920194
5.79,-1,-1.01199247749617,-1.01234728407189
5.8,-1,-1.01268589188893,-1.01215104207332
5.81,-1,-1.01298597254086,-1.01218431281664
5.82,-1,-1.01285978328356,-1.01224337466442
5.83,-1,-1.01266501569825,-1.0120865145394
5.84,-1,-1.01274413167587,-1.0117242191053
5.85,-1,-1.01307622977384,-1.01137311660579
5.86,-1,-1.01332929654219,-1.01119288242117
5.87,-1,-1.01324907945911,-1.0111473711095
5.88,-1,-1.01295172662678,-1.01107566719615
5.89,-1,-1.01278998997594,-1.01087182149275
5.9,-1,-1.01298637170526,-1.01061450865519
5.91,-1,-1.01345387765255,-1.01051297035961
5.92,-1,-1.01394182723473,-1.01062682669708
5.93,-1,-1.01428668342075,-1.01073443951683
5.94,-1,-1.01450847637173,-1.0105914150811
5.95,-1,-1.01474916305067,-1.01027003813236
5.96,-1,-1.01515972581833,-1.0101309978123
5.97,-1,-1.01576123193193,-1.01041740542034
5.98,-1,-1.01635191482107,-1.01098819584825
5.99,-1,-1.01664482736476,-1.01149586233512
6,-1,-1.01658908496484,-1.01174062732343
6.01,-1,-1.01640666267784,-1.0118574408291
6.02,-1,-1.01630775727575,-1.01215257828819
6.03,-1,-1.01633291000675,-1.01275320213832
6.04,-1,-1.01634130892191,-1.0134586295517
6.05,-1,-1.01612653586276,-1.01391235135295
6.06,-1,-1.01568772883767,-1.01398009392064
6.07,-1,-1.01530691167676,-1.0138979182468
6.08,-1,-1.01523987932353,-1.0140145107623
6.09,-1,-1.01547128824776,-1.01446124980913
6.1,-1,-1.01578589295086,-1.01503041946974
6.11,-1,-1.01594697568511,-1.01541026725809
6.12,-1,-1.0158706945188,-1.01553101953824
6.13,-1,-1.01567846099618,-1.01556703959433
6.14,-1,-1.01554067902671,-1.01568949447207
6.15,-1,-1.01549616842758,-1.01589069340481
6.16,-1,-1.01544517050683,-1.01598541007066
6.17,-1,-1.0153083072086,-1.01580607828114
6.18,-1,-1.01515674045059,-1.01538337369347
6.19,-1,-1.01512173729494,-1.0149164783379
6.2,-1,-1.01521589432409,-1.01462993859515
6.21,-1,-1.01530095120011,-1.01460223556939
6.22,-1,-1.0152189667232,-1.01468568088952
6.23,-1,-1.0149705354609,-1.0146611868924
6.24,-1,-1.01473880395609,-1.01445495470935
6.25,-1,-1.01468427223441,-1.01411914068518
6.26,-1,-1.01475375781775,-1.01371937966605
6.27,-1,-1.01473799985731,-1.01335164467228
6.28,-1,-1.01451251832377,-1.0130899697467
6.29,-1,-1.01422685130276,-1.01291648905801
6.3,-1,-1.0141437425876,-1.01278624812109
6.31,-1,-1.01430098649325,-1.01271889906882
6.32,-1,-1.01445365319675,-1.01280040278525
6.33,-1,-1.01431586015135,-1.01302036999049
6.34,-1,-1.0138746733233,-1.01325058788195
6.35,-1,-1.01341280103836,-1.01341375956481
6.36,-1,-1.01319634508676,-1.01354770855398
6.37,-1,-1.01318827032045,-1.01373499537602
6.38,-1,-1.01308472023835,-1.01396618634947
6.39,-1,-1.01260104453177,-1.01406742269414
6.4,-1,-1.01175477542833,-1.01384439321008
6.41,-1,-1.01087297708708,-1.01330540422256
6.42,-1,-1.01031398719895,-1.01270335006476
6.43,-1,-1.01019906472384,-1.01234250779131
6.44,-1,-1.01030211941994,-1.01229734195794
6.45,-1,-1.01023635978619,-1.01235009695933
6.46,-1,-1.00984882555639,-1.0122762892487
6.47,-1,-1.00934448648871,-1.01207516206921
6.48,-1,-1.00904449215396,-1.0118460415783
6.49,-1,-1.00904178710344,-1.01164448337034
6.5,-1,-1.00904441581593,-1.01148985723426
6.51,-1,-1.00871362432629,-1.01139045945627
6.52,-1,-1.00804528904446,-1.01132493680388
6.53,-1,-1.00735910841702,-1.01121376301352
6.54,-1,-1.00699095722137,-1.01097551504804
6.55,-1,-1.00696486459471,-1.01067922684106
6.56,-1,-1.00704060364855,-1.01056594912613
6.57,-1,-1.00698950129156,-1.01077709418549
6.58,-1,-1.00676415731551,-1.01114433364106
6.59,-1,-1.00645395466682,-1.01138463554587
6.6,-1,-1.00621462816271,-1.01137999220364
6.61,-1,-1.00623198869748,-1.01126395986215
6.62,-1,-1.00655847445104,-1.01125031119643
6.63,-1,-1.00702066074642,-1.01135289220327
6.64,-1,-1.00741781689636,-1.01136911942678
6.65,-1,-1.00774170144557,-1.01111968101061
6.66,-1,-1.00811305628968,-1.01067180390589
6.67,-1,-1.00860835626593,-1.01027644573844
6.68,-1,-1.00921149854824,-1.01008603459601
6.69,-1,-1.00985168100359,-1.01002858119426
6.7,-1,-1.01047933658876,-1.00992603390874
6.71,-1,-1.01110270681176,-1.0096985487647
6.72,-1,-1.01178855958589,-1.00941993320761
6.73,-1,-1.01260566929838,-1.00917814950972
6.74,-1,-1.01353890210961,-1.00897289834686
6.75,-1,-1.01447340603683,-1.00875710952512
6.76,-1,-1.01528204591462,-1.00850606617414
6.77,-1,-1.01597075669997,-1.00822374434589
6.78,-1,-1.01664242552899,-1.0079185148115
6.79,-1,-1.01733222657251,-1.00759560341929
6.8,-1,-1.01795968206146,-1.00726900179271
6.81,-1,-1.01845407642642,-1.00696640591997
6.82,-1,-1.01887649676779,-1.00673876271587
6.83,-1,-1.0193514331138,-1.00663896165056
6.84,-1,-1.01990681668763,-1.00663338155228
6.85,-1,-1.02042434601855,-1.00659864736166
6.86,-1,-1.02073933166727,-1.00647833705182
6.87,-1,-1.02080844507493,-1.00635976174771
6.88,-1,-1.02076389999756,-1.00637367181821
6.89,-1,-1.02078409727358,-1.00656849398
6.9,-1,-1.0209108478978,-1.00688206715089
6.91,-1,-1.02098836104079,-1.00719208898968
6.92,-1,-1.02080484615331,-1.00741984516496
6.93,-1,-1.02032904685591,-1.00758932777317
6.94,-1,-1.0197959654476,-1.00774074076761
6.95,-1,-1.0195082754141,-1.00784009745417
6.96,-1,-1.0195429003901,-1.00782743767875
6.97,-1,-1.01968850821785,-1.00773520983299
6.98,-1,-1.01972231296958,-1.00768653270257
6.99,-1,-1.01966676435986,-1.00774797223986
7,-1,-1.01966295824458,-1.00785434700023
7.01,-1,-1.01971400523105,-1.00789273780342
7.02,-1,-1.01966723689191,-1.00782498833813
7.03,-1,-1.01941201609258,-1.00768035950695
7.04,-1,-1.01899177057108,-1.007488763176
7.05,-1,-1.01854707722106,-1.00730671106061
7.06,-1,-1.01819449244812,-1.00720940223588
7.07,-1,-1.0179643534318,-1.00726057476142
7.08,-1,-1.01783209695387,-1.00749869715227
7.09,-1,-1.01768419153079,-1.00786357978261
7.1,-1,-1.01732979531225,-1.00817644570945
7.11,-1,-1.01669995622832,-1.0082848877549
7.12,-1,-1.01594002891263,-1.00823337301171
7.13,-1,-1.01521279914019,-1.00826837974237
7.14,-1,-1.01454266667438,-1.00862101917879
7.15,-1,-1.0138821843211,-1.00926386373726
7.16,-1,-1.01319065312938,-1.00995152463802
7.17,-1,-1.01243409865162,-1.01049642663841
7.18,-1,-1.01162811277615,-1.01093475783423
7.19,-1,-1.0108567186041,-1.01136681383001
7.2,-1,-1.0101587421871,-1.01178105824815
7.21,-1,-1.00948452388937,-1.01211812019764
7.22,-1,-1.00883381510473,-1.01235920286946
7.23,-1,-1.00830674656829,-1.01248316133298
7.24,-1,-1.00796507607449,-1.0124531747508
7.25,-1,-1.00772733779622,-1.01228703877655
7.26,-1,-1.00743570737871,-1.01209688550891
7.27,-1,-1.00703211941641,-1.0119877806518
7.28,-1,-1.00665338643676,-1.0119423040676
7.29,-1,-1.00645047001467,-1.01187936066309
7.3,-1,-1.00637651294692,-1.01177083904642
7.31,-1,-1.00626714280441,-1.01165266424497
7.32,-1,-1.00606331171078,-1.01155058216687
7.33,-1,-1.00586996600306,-1.01151868568563
7.34,-1,-1.00579904088372,-1.01162950913234
7.35,-1,-1.0058519330773,-1.0118161922609
7.36,-1,-1.00593127609194,-1.01186514169551
7.37,-1,-1.00591184340011,-1.01161847324941
7.38,-1,-1.00573541423087,-1.01113360746172
7.39,-1,-1.00547175441092,-1.01067408922251
7.4,-1,-1.00531016326222,-1.01049253995689
7.41,-1,-1.00542411630305,-1.01062399183063
7.42,-1,-1.00580578779562,-1.01091615045004
7.43,-1,-1.00625563801341,-1.01113118461187
7.44,-1,-1.00661118123929,-1.01110683627331
7.45,-1,-1.00689928725902,-1.01093884862065
7.46,-1,-1.00720732037998,-1.01087767522989
7.47,-1,-1.00761778021496,-1.01106746567506
7.48,-1,-1.00820019657176,-1.01145804042343
7.49,-1,-1.0089119318077,-1.01182696175601
7.5,-1,-1.00960711119473,-1.01191044482212
7.51,-1,-1.01017671079686,-1.01164535285991
7.52,-1,-1.01064776176767,-1.01124616102177
7.53,-1,-1.01117622158944,-1.01098095126909
7.54,-1,-1.01185188759108,-1.01087936481246
7.55,-1,-1.01258744890401,-1.01075519043835
7.56,-1,-1.01327404529351,-1.01048477032501
7.57,-1,-1.01383684337015,-1.01012670714367
7.58,-1,-1.01425619893666,-1.00982962940409
7.59,-1,-1.01462464760995,-1.00971191637648
7.6,-1,-1.01501955860948,-1.00976823933797
7.61,-1,-1.01538782724321,-1.00982798621907
7.62,-1,-1.01561413914664,-1.00969397732384
7.63,-1,-1.01569377210749,-1.00938487451792
7.64,-1,-1.01579762086577,-1.00916061796693
7.65,-1,-1.01611027867883,-1.00922230525431
7.66,-1,-1.01662205384365,-1.00944696874663
7.67,-1,-1.01713443171487,-1.00950989708799
7.68,-1,-1.01744503527017,-1.00918203401555
7.69,-1,-1.01750860160529,-1.00854568973808
7.7,-1,-1.01747803578059,-1.00796389945981
7.71,-1,-1.01758070863392,-1.00773423824322
7.72,-1,-1.017924316708,-1.0077816218934
7.73,-1,-1.01837578328195,-1.00775511725417
7.74,-1,-1.01861157595982,-1.00739518682853
7.75,-1,-1.0184248282032,-1.00674875054039
7.76,-1,-1.01797020258756,-1.00607020142335
7.77,-1,-1.01760694656077,-1.00554587213194
7.78,-1,-1.01752853091208,-1.00511467154241
7.79,-1,-1.01755861480008,-1.0045792460985
7.8,-1,-1.01734881255319,-1.00384467479279
7.81,-1,-1.01673054286455,-1.0030449649088
7.82,-1,-1.01585053507704,-1.00242533498085
7.83,-1,-1.01504863759741,-1.00203753759516
7.84,-1,-1.01459833434075,-1.00169881174974
7.85,-1,-1.01450736395085,-1.00126965473917
7.86,-1,-1.01452621807681,-1.00085262121482
7.87,-1,-1.01434861950274,-1.00074939241362
7.88,-1,-1.01384179440727,-1.00116824705458
7.89,-1,-1.01313921123007,-1.00193172562881
7.9,-1,-1.01252819351064,-1.00262791149719
7.91,-1,-1.01219670848599,-1.00298746903722
7.92,-1,-1.01206492573303,-1.00304801118178
7.93,-1,-1.01184285361072,-1.00305553333802
7.94,-1,-1.01130835441517,-1.00319933726999
7.95,-1,-1.01048509507412,-1.00350003384443
7.96,-1,-1.00953626970141,-1.00392341919315
7.97,-1,-1.00865660249221,-1.00438750578026
7.98,-1,-1.00802603516716,-1.00474191821229
7.99,-1,-1.00770654584426,-1.00495226999461
8,-1,-1.00750086540838,-1.00514314103259
8.01,-1,-1.00703725172035,-1.00541121429607
8.02,-1,-1.00612733647835,-1.00573617997508
8.03,-1,-1.00500031940721,-1.00606032134863
8.04,-1,-1.00410019616816,-1.00638433313573
8.05,-1,-1.00363409239383,-1.00676801973589
8.06,-1,-1.00341398203102,-1.00724626754133
8.07,-1,-1.00310139702022,-1.00780221503764
8.08,-1,-1.00254231707171,-1.00839423184927
8.09,-1,-1.00190553549928,-1.00897304826297
8.1,-1,-1.00148354082438,-1.00952185400006
8.11,-1,-1.00136032757983,-1.01007212243744
8.12,-1,-1.00135810465469,-1.01063206782423
8.13,-1,-1.00128289676874,-1.0111865269609
8.14,-1,-1.00113397193794,-1.01173663243577
8.15,-1,-1.00106657063469,-1.0122684330953
8.16,-1,-1.00122816631172,-1.01276621477137
8.17,-1,-1.00159370063025,-1.01328478600456
8.18,-1,-1.00196153548545,-1.01396168867659
8.19,-1,-1.00212843645437,-1.01489322968346
8.2,-1,-1.00207149041754,-1.01595209308693
8.21,-1,-1.00197157538372,-1.01683530443889
8.22,-1,-1.00202106591515,-1.01737155947445
8.23,-1,-1.00221780187338,-1.01770221061868
8.24,-1,-1.00237871283175,-1.01814709280719
8.25,-1,-1.00233462758437,-1.01884488402861
8.26,-1,-1.00207668208893,-1.01960677738311
8.27,-1,-1.00177720633053,-1.02016015533768
8.28,-1,-1.00166882023036,-1.02043128886591
8.29,-1,-1.00186645435989,-1.02061295238868
8.3,-1,-1.00225834773274,-1.0209582524501
8.31,-1,-1.00260274288307,-1.02150928646239
8.32,-1,-1.00281556211088,-1.02210157867633
8.33,-1,-1.00302490982574,-1.02257757798428
8.34,-1,-1.00335055902856,-1.02289700479958
8.35,-1,-1.00380074676138,-1.02310283954107
8.36,-1,-1.00430561282913,-1.02330577147304
8.37,-1,-1.00478226190045,-1.02363376826335
8.38,-1,-1.00516703566769,-1.02408153437476
8.39,-1,-1.00548926461764,-1.024470619474
8.4,-1,-1.00590978763807,-1.02464065574655
8.41,-1,-1.00654810435963,-1.02465335849568
8.42,-1,-1.00728518202983,-1.02473341820154
8.43,-1,-1.00783542288712,-1.02496629413081
8.44,-1,-1.00807018226683,-1.02512225639678
8.45,-1,-1.00814945702764,-1.02490793076638
8.46,-1,-1.00833721530779,-1.02429004024053
8.47,-1,-1.00877147844691,-1.02350481784233
8.48,-1,-1.00938620390559,-1.02285745087899
8.49,-1,-1.00999880202624,-1.0224506438302
8.5,-1,-1.01046305153534,-1.02212740731599
8.51,-1,-1.01079027301747,-1.02167604025388
8.52,-1,-1.01111318032785,-1.02102752220645
8.53,-1,-1.01156137144962,-1.02027295821406
8.54,-1,-1.01217226443261,-1.0195127435439
8.55,-1,-1.01285383882131,-1.01881496203017
8.56,-1,-1.01345056727837,-1.01821088544242
8.57,-1,-1.01385917154642,-1.01767305631082
8.58,-1,-1.01407730455882,-1.01718440491173
8.59,-1,-1.01424922206727,-1.01679572054036
8.6,-1,-1.0145966419336,-1.01654258831194
8.61,-1,-1.01517992625839,-1.01628656787431
8.62,-1,-1.01578709013736,-1.01582522759195
8.63,-1,-1.01614359696978,-1.01517414399064
8.64,-1,-1.01624202461902,-1.01459572747294
8.65,-1,-1.01634076161036,-1.01433836179154
8.66,-1,-1.01665501451263,-1.0143966358168
8.67,-1,-1.01715347056247,-1.01453094176384
8.68,-1,-1.01761616486697,-1.01450948156615
8.69,-1,-1.01782873210354,-1.01428599333955
8.7,-1,-1.01776196331403,-1.01400197685455
8.71,-1,-1.01765693274684,-1.01384744852657
8.72,-1,-1.01784139426285,-1.01389406142873
8.73,-1,-1.01836859735608,-1.01407264429705
8.74,-1,-1.01893215366014,-1.01426502994002
8.75,-1,-1.01920347209806,-1.01437392250183
8.76,-1,-1.01913243130291,-1.01431029730771
8.77,-1,-1.01888861887582,-1.01402191826017
8.78,-1,-1.01868661781672,-1.01359793129224
8.79,-1,-1.01863194340441,-1.01323536588664
8.8,-1,-1.01865514508808,-1.01306592014528
8.81,-1,-1.01856293059974,-1.01304706031444
8.82,-1,-1.01815644927146,-1.01297944486666
8.83,-1,-1.01741844530756,-1.01266616668747
8.84,-1,-1.01659010898648,-1.01209034487168
8.85,-1,-1.01595624971537,-1.01146923167336
8.86,-1,-1.01557975423289,-1.01104598871889
8.87,-1,-1.01526516974616,-1.01076896849264
8.88,-1,-1.01475711230859,-1.01037444569347
8.89,-1,-1.01399537112995,-1.00973311620315
8.9,-1,-1.01314674443466,-1.00900733837154
8.91,-1,-1.01239562670039,-1.00847075333608
8.92,-1,-1.01176708791142,-1.00825537762295
8.93,-1,-1.01112759533396,-1.00828934341574
8.94,-1,-1.01034945970658,-1.00838525866765
8.95,-1,-1.00942895489528,-1.00834342928054
8.96,-1,-1.00849749335639,-1.00808902101721
8.97,-1,-1.00776159654814,-1.00780914101968
8.98,-1,-1.00730189761844,-1.0077930774454
8.99,-1,-1.0069738499367,-1.00808290976738
9,-1,-1.00662312948686,-1.00843735427917
9.01,-1,-1.00626564763003,-1.00856335973508
9.02,-1,-1.00597058064511,-1.00837238113477
9.03,-1,-1.00572462863718,-1.00810304212113
9.04,-1,-1.00546800836641,-1.0080983965279
9.05,-1,-1.00521776285872,-1.00846876256366
9.06,-1,-1.00509697685107,-1.00901793838962
9.07,-1,-1.00515316493058,-1.00947621671967
9.08,-1,-1.00526994155968,-1.00973634839933
9.09,-1,-1.00535330395189,-1.00990503244502
9.1,-1,-1.00542972017378,-1.01016948107488
9.11,-1,-1.00556892586322,-1.01058253810958
9.12,-1,-1.00582402701649,-1.0109765535505
9.13,-1,-1.00619249156616,-1.01113054000665
9.14,-1,-1.0066141828281,-1.0110032671043
9.15,-1,-1.00705056337921,-1.01077506771606
9.16,-1,-1.00750042214313,-1.01068181707349
9.17,-1,-1.00794135121372,-1.01078562591529
9.18,-1,-1.00837186515833,-1.01094662824244
9.19,-1,-1.00888624203353,-1.01103920963161
9.2,-1,-1.00956649120432,-1.01110119603817
9.21,-1,-1.0103386637587,-1.01124545586391
9.22,-1,-1.01109676962449,-1.0114934274768
9.23,-1,-1.01185614645978,-1.01169520597835
9.24,-1,-1.01263629847489,-1.01168450330847
9.25,-1,-1.01334191621114,-1.01150782647245
9.26,-1,-1.01390327849556,-1.0114022181739
9.27,-1,-1.01438597984814,-1.01154171166124
9.28,-1,-1.01486831355729,-1.01180564517791
9.29,-1,-1.0153423792799,-1.01191811171783
9.3,-1,-1.01573537122006,-1.01181802994445
9.31,-1,-1.01595639838599,-1.01172351093513
9.32,-1,-1.0159667946427,-1.01185942047936
9.33,-1,-1.01583594458462,-1.01215866551422
9.34,-1,-1.0157197592465,-1.01232410835225
9.35,-1,-1.01572976219816,-1.01216196965722
9.36,-1,-1.01584745369747,-1.0117596163229
9.37,-1,-1.01598493958024,-1.01140382190527
9.38,-1,-1.01607039560955,-1.01134179581748
9.39,-1,-1.01607129252625,-1.01157576179446
9.4,-1,-1.01606474857155,-1.01187878672806
9.41,-1,-1.01626677735344,-1.01203390694377
9.42,-1,-1.0167866423666,-1.01198978713659
9.43,-1,-1.01745024880512,-1.01178859883792
9.44,-1,-1.01797409230338,-1.01155700186734
9.45,-1,-1.01820990109168,-1.01148788936241
9.46,-1,-1.01823254311448,-1.01159978581493
9.47,-1,-1.01826427958999,-1.01168268005626
9.48,-1,-1.01846588181558,-1.01157295215205
9.49,-1,-1.01879862554918,-1.01128862248927
9.5,-1,-1.01909591163025,-1.01095341080268
9.51,-1,-1.01921385309856,-1.01069851802896
9.52,-1,-1.01918041647706,-1.0105520408575
9.53,-1,-1.01927524996994,-1.01040086148905
9.54,-1,-1.01977212976292,-1.01012866006117
9.55,-1,-1.02052639146281,-1.00980372831481
9.56,-1,-1.02101004163336,-1.00958393203153
9.57,-1,-1.02086839799984,-1.00953878184752
9.58,-1,-1.02030380040759,-1.00957800074955
9.59,-1,-1.01984385052578,-1.00947516684387
9.6,-1,-1.01982475508371,-1.00911649371773
9.61,-1,-1.02008004527227,-1.00866435731988
9.62,-1,-1.02008742566552,-1.00837751959645
9.63,-1,-1.01947305756464,-1.00834188891217
9.64,-1,-1.01843478097141,-1.00845062106886
9.65,-1,-1.01755767761721,-1.00854282762689
9.66,-1,-1.0172189719144,-1.00855565764095
9.67,-1,-1.01726895740457,-1.00860367389283
9.68,-1,-1.01722905318515,-1.00881996878357
9.69,-1,-1.01675361710471,-1.00912681658834
9.7,-1,-1.01591523079994,-1.00928336720843
9.71,-1,-1.01508923527177,-1.00915758494871
9.72,-1,-1.01457877340938,-1.00885453019662
9.73,-1,-1.01440961922929,-1.00857012843897
9.74,-1,-1.01441496398792,-1.00842967568592
9.75,-1,-1.01438705729263,-1.00846026170269
9.76,-1,-1.01424169471587,-1.00859187583869
9.77,-1,-1.01404841982863,-1.00871071653213
9.78,-1,-1.01389288045499,-1.00878036786389
9.79,-1,-1.01375857204291,-1.00882000435844
9.8,-1,-1.01354820172641,-1.00882104864814
9.81,-1,-1.01318575778023,-1.00877769926062
9.82,-1,-1.01272317589038,-1.00868413156308
9.83,-1,-1.01236492707602,-1.00856863920435
9.84,-1,-1.01224607853757,-1.00853361693997
9.85,-1,-1.01223152342658,-1.00862473576539
9.86,-1,-1.01211638700946,-1.00872961291997
9.87,-1,-1.01187897713441,-1.00866689778039
9.88,-1,-1.01163228767296,-1.00838283584878
9.89,-1,-1.0114810597909,-1.0080099615892
9.9,-1,-1.01147884934837,-1.00773241399339
9.91,-1,-1.01163880765408,-1.00762173582162
9.92,-1,-1.0119182633346,-1.00758130871639
9.93,-1,-1.01224502158976,-1.00743744137146
9.94,-1,-1.01251845236257,-1.00710243626975
9.95,-1,-1.0126320918719,-1.00668256796837
9.96,-1,-1.01261170436967,-1.00636219477015
9.97,-1,-1.01262462395625,-1.00620494856805
9.98,-1,-1.01279051249347,-1.00611706607021
9.99,-1,-1.01308424086196,-1.00600752144388
10,-1,-1.01338148496934,-1.00589367461439
10.01,-1,-1.01355082919896,-1.00587705631218
10.02,-1,-1.01355690547972,-1.00609426813285
10.03,-1,-1.01347765692064,-1.00653259569793
10.04,-1,-1.01342655831269,-1.00701131275395
10.05,-1,-1.01344309995292,-1.00740601670693
10.06,-1,-1.01346183637383,-1.0077780028987
10.07,-1,-1.01344270977495,-1.00826961493762
10.08,-1,-1.01342435808442,-1.00890424396437
10.09,-1,-1.01344264259701,-1.0095385783217
10.1,-1,-1.01351580454204,-1.0099972851167
10.11,-1,-1.013634062443,-1.01022859965869
10.12,-1,-1.01373864034784,-1.01030472979757
10.13,-1,-1.01374144020928,-1.01034851361497
10.14,-1,-1.01357709315242,-1.01047330506552
10.15,-1,-1.01329733052141,-1.01070651276725
10.16,-1,-1.01306549561838,-1.01099449590718
10.17,-1,-1.0129976624481,-1.01125821209626
10.18,-1,-1.01303340062416,-1.01142505947036
10.19,-1,-1.01299538136407,-1.01152119045507
10.2,-1,-1.01274705080605,-1.01168063898736
10.21,-1,-1.01233790277288,-1.01192931534913
10.22,-1,-1.01197723625613,-1.01214097462122
10.23,-1,-1.01177022903549,-1.01229553337604
10.24,-1,-1.01159314752712,-1.01253044397732
10.25,-1,-1.01123588725739,-1.01288598586769
10.26,-1,-1.01055517770251,-1.01320580983854
10.27,-1,-1.00962988733794,-1.01326551349223
10.28,-1,-1.00877870948574,-1.01300625533297
10.29,-1,-1.00830362662857,-1.01267063934306
10.3,-1,-1.0082371627063,-1.01257528028254
10.31,-1,-1.00831332879858,-1.01276201973127
10.32,-1,-1.00819139828431,-1.01294323182317
10.33,-1,-1.00775072999811,-1.0127967635405
10.34,-1,-1.00718480618716,-1.01230601161537
10.35,-1,-1.00683780623215,-1.01181497614507
10.36,-1,-1.00687353311007,-1.01167432738069
10.37,-1,-1.00711507988766,-1.01187652160365
10.38,-1,-1.00725629756309,-1.01207455561642
10.39,-1,-1.00718718490785,-1.01190920356139
10.4,-1,-1.00703522535024,-1.01134452229261
10.41,-1,-1.00697635465369,-1.01068573914734
10.42,-1,-1.00709540727538,-1.01025725660406
10.43,-1,-1.00731770684308,-1.01009312047407
10.44,-1,-1.0075174833596,-1.00996373258038
10.45,-1,-1.00765777325651,-1.00964783989312
10.46,-1,-1.00776428912074,-1.00912960745517
10.47,-1,-1.00786654724892,-1.00856557117826
10.48,-1,-1.00794258036451,-1.00808843741571
10.49,-1,-1.00795492181128,-1.00772679118687
10.5,-1,-1.00797587146259,-1.00743835831404
10.51,-1,-1.00814971982142,-1.00712140750444
10.52,-1,-1.00849464460288,-1.00668857543168
10.53,-1,-1.00885812876531,-1.00617587102433
10.54,-1,-1.00909687401616,-1.00570613379012
10.55,-1,-1.00921965502451,-1.00535139436131
10.56,-1,-1.00932815493978,-1.00508975794112
10.57,-1,-1.00951111813647,-1.00483507334849
10.58,-1,-1.00979043770876,-1.0045295946496
10.59,-1,-1.01013331963054,-1.00420653292349
10.6,-1,-1.01046989043338,-1.00396517123401
10.61,-1,-1.01067473786736,-1.00385601355203
10.62,-1,-1.01063770522206,-1.00380136808105
10.63,-1,-1.01038670240026,-1.00372026762044
10.64,-1,-1.01011260024926,-1.00361419400241
10.65,-1,-1.01001443763528,-1.00351945906068
10.66,-1,-1.01011463456071,-1.00349501361316
10.67,-1,-1.01026871075573,-1.00362213867593
10.68,-1,-1.01025607248851,-1.0039244428864
10.69,-1,-1.00993520528965,-1.00429032883227
10.7,-1,-1.00936845994497,-1.00454956647991
10.71,-1,-1.00879448975123,-1.00466641148025
10.72,-1,-1.00848588434356,-1.00479598858352
10.73,-1,-1.0084555681671,-1.00512640793665
10.74,-1,-1.00839745646437,-1.00571674665361
10.75,-1,-1.00803942670122,-1.00647147196964
10.76,-1,-1.0074229395356,-1.00719736054063
10.77,-1,-1.00680795787547,-1.00774727393806
10.78,-1,-1.00643106728672,-1.00812791374776
10.79,-1,-1.00633523933444,-1.00840550113045
10.8,-1,-1.0063298990043,-1.00864547936073
10.81,-1,-1.00619921499546,-1.00889433212352
10.82,-1,-1.00592162569596,-1.0091358621147
10.83,-1,-1.00562818102321,-1.00933427761874
10.84,-1,-1.00543261578106,-1.00944933217336
10.85,-1,-1.00533209016592,-1.00946336032862
10.86,-1,-1.00524087171463,-1.00944823698973
10.87,-1,-1.00509535425186,-1.00949814662478
10.88,-1,-1.00491570559716,-1.00960007926441
10.89,-1,-1.00480183377717,-1.00964778327617
10.9,-1,-1.00486291775389,-1.00958698019548
10.91,-1,-1.00507158385074,-1.00947322226251
10.92,-1,-1.00525593662414,-1.00938439372767
10.93,-1,-1.00528331211006,-1.00934371339697
10.94,-1,-1.00524013984223,-1.00930388600316
10.95,-1,-1.00535664406953,-1.0092315905657
10.96,-1,-1.0057368604294,-1.00917663893746
10.97,-1,-1.00624530020702,-1.0092175489972
10.98,-1,-1.00665355882958,-1.00937491685001
10.99,-1,-1.00689478136829,-1.00955906785082
11,-1,-1.00708557184789,-1.00967238872384
11.01,-1,-1.0073055406662,-1.00976167957323
11.02,-1,-1.00752321254351,-1.00992119432548
11.03,-1,-1.00769844487272,-1.01013799449985
11.04,-1,-1.00786503224434,-1.01032732574546
11.05,-1,-1.00813143951585,-1.01042462241992
11.06,-1,-1.00853748584912,-1.01043165629267
11.07,-1,-1.00895423995857,-1.01041980958436
11.08,-1,-1.00924730513168,-1.01049921091865
11.09,-1,-1.00947625349545,-1.01071974828827
11.1,-1,-1.0098153231148,-1.0110145471012
11.11,-1,-1.01033569220465,-1.01130451425517
11.12,-1,-1.0109045402377,-1.01157889408856
11.13,-1,-1.01129436982448,-1.01181794658842
11.14,-1,-1.01141742541365,-1.01197480399184
11.15,-1,-1.01137780549128,-1.01203661826059
11.16,-1,-1.01135282037365,-1.01206470107973
11.17,-1,-1.01145527620809,-1.01213305426597
11.18,-1,-1.0116791824872,-1.01219840616235
11.19,-1,-1.01193079666368,-1.01214243153385
11.2,-1,-1.01211152039666,-1.01197244500743
11.21,-1,-1.01224502593562,-1.01188026282588
11.22,-1,-1.01243007212886,-1.01203124547112
11.23,-1,-1.01266763458219,-1.01240865340865
11.24,-1,-1.012869891378,-1.01283239106461
11.25,-1,-1.01295395816941,-1.01312161656799
11.26,-1,-1.01285476525794,-1.01325064560589
11.27,-1,-1.01261121094819,-1.01329536088995
11.28,-1,-1.01241491407327,-1.01333768260812
11.29,-1,-1.01240901661775,-1.01338870592962
11.3,-1,-1.01254409260665,-1.0133905880382
11.31,-1,-1.01264278189796,-1.01336991323795
11.32,-1,-1.01255142839104,-1.01341695321792
11.33,-1,-1.01230666420437,-1.01353723007496
11.34,-1,-1.01211217815572,-1.01364991243552
11.35,-1,-1.01211599596323,-1.01364197018933
11.36,-1,-1.01221931206644,-1.01342738965383
11.37,-1,-1.01214651011382,-1.01303582882323
11.38,-1,-1.01177674581891,-1.01261526647669
11.39,-1,-1.01129418180701,-1.01232453433192
11.4,-1,-1.01099028311876,-1.01218598617795
11.41,-1,-1.01103090174196,-1.01206375707688
11.42,-1,-1.01133112371232,-1.01179250788805
11.43,-1,-1.01159141812172,-1.01133184207284
11.44,-1,-1.01152765777229,-1.01080461793819
11.45,-1,-1.01113244833429,-1.01036550632355
11.46,-1,-1.01074452604426,-1.01005850745968
11.47,-1,-1.01074465565989,-1.00977413756686
11.48,-1,-1.01114013220711,-1.0093660730469
11.49,-1,-1.01159103465722,-1.00882034757196
11.5,-1,-1.01178776347763,-1.0082818939674
11.51,-1,-1.01167820115836,-1.00791499645825
11.52,-1,-1.01144302166795,-1.007742439274
11.53,-1,-1.01133145210429,-1.00761065066814
11.54,-1,-1.01144154785023,-1.00729047516783
11.55,-1,-1.01165367463524,-1.00668392080851
11.56,-1,-1.01180922522046,-1.00595206949731
11.57,-1,-1.01187365611363,-1.00537914054733
11.58,-1,-1.01192714586993,-1.00514288258545
11.59,-1,-1.01204824297468,-1.00517595202824
11.6,-1,-1.01226973485801,-1.00518862566975
11.61,-1,-1.01255817372901,-1.00497261696375
11.62,-1,-1.01277387240583,-1.00462444920681
11.63,-1,-1.01275772137678,-1.00439462424872
11.64,-1,-1.01250799535225,-1.00449168833384
11.65,-1,-1.01225754906946,-1.00495616503997
11.66,-1,-1.01229420851746,-1.00553366221511
11.67,-1,-1.01271809816252,-1.00579309173067
11.68,-1,-1.0133726787231,-1.00554213612423
11.69,-1,-1.0139557383935,-1.00508052559552
11.7,-1,-1.01426367649381,-1.00491072922546
11.71,-1,-1.01435733295249,-1.00519858313636
11.72,-1,-1.01445136736364,-1.00558949448662
11.73,-1,-1.01466648910808,-1.00562705787084
11.74,-1,-1.01496977860764,-1.00526878621869
11.75,-1,-1.01531284722968,-1.00490730568054
11.76,-1,-1.01568124670231,-1.00498694260015
11.77,-1,-1.0160633908975,-1.00557077660693
11.78,-1,-1.01641432138891,-1.00628145826294
11.79,-1,-1.01672247123705,-1.00667443437012
11.8,-1,-1.01705202560569,-1.00663450470793
11.81,-1,-1.01740997447355,-1.00641671988521
11.82,-1,-1.01771315585273,-1.00639146572824
11.83,-1,-1.01791186981837,-1.00677967321297
11.84,-1,-1.01805667441531,-1.00743254730515
11.85,-1,-1.01819762350939,-1.00792956679332
11.86,-1,-1.01831647867081,-1.00803609466097
11.87,-1,-1.01843418097223,-1.00792944589236
11.88,-1,-1.01861868482204,-1.00793501135471
11.89,-1,-1.01886298123385,-1.00816849405035
11.9,-1,-1.01906914504418,-1.00848272848531
11.91,-1,-1.01914176814093,-1.00864742112681
11.92,-1,-1.01904574467358,-1.00855292083256
11.93,-1,-1.01882694437074,-1.00832195387351
11.94,-1,-1.0186070666364,-1.00821602231674
11.95,-1,-1.01846592194818,-1.00835476476222
11.96,-1,-1.01834077604733,-1.00860716682777
11.97,-1,-1.01808066631557,-1.00878893254511
11.98,-1,-1.01761761658434,-1.00889932331169
11.99,-1,-1.01707354560828,-1.00909362166403
12,-1,-1.01666290373981,-1.00945991080733
12.01,-1,-1.01651651822802,-1.00991307561051
12.02,-1,-1.01653861749985,-1.01024914385526
12.03,-1,-1.0164964645176,-1.01035375647775
12.04,-1,-1.0162599894062,-1.01034364944953
12.05,-1,-1.01588551614298,-1.01041749097509
12.06,-1,-1.01560409819891,-1.01060624878496
12.07,-1,-1.01564649678695,-1.01081575819812
12.08,-1,-1.01594203594636,-1.01101379410661
12.09,-1,-1.01616749293868,-1.01121586555433
12.1,-1,-1.01609570837299,-1.01149697877178
12.11,-1,-1.01575516488997,-1.01194261591542
12.12,-1,-1.01536773323806,-1.01247731855625
12.13,-1,-1.0151645133149,-1.01290151222717
12.14,-1,-1.0151869115464,-1.01307842857664
12.15,-1,-1.01526000642622,-1.01303492062096
12.16,-1,-1.01518078587136,-1.01295354483656
12.17,-1,-1.01489809259173,-1.01305998976358
12.18,-1,-1.01445626131811,-1.01342776974549
12.19,-1,-1.01395749670104,-1.01389219247171
12.2,-1,-1.01353487136895,-1.0142087864247
12.21,-1,-1.01325313293587,-1.01431783969097
12.22,-1,-1.01308429191857,-1.01437418081057
12.23,-1,-1.01292358072259,-1.01451367999416
12.24,-1,-1.01266707716337,-1.01473560633108
12.25,-1,-1.01227578727966,-1.01496966840984
12.26,-1,-1.01177874278523,-1.01514768398675
12.27,-1,-1.01126104279577,-1.01529831346636
12.28,-1,-1.01081482004443,-1.01556143732356
12.29,-1,-1.01047984688079,-1.01600836888661
12.3,-1,-1.01021064990112,-1.01647645145981
12.31,-1,-1.00990600089249,-1.01670837892211
12.32,-1,-1.0095114272893,-1.01663239519741
12.33,-1,-1.00910592768872,-1.01639789464984
12.34,-1,-1.00883892008003,-1.01620071207792
12.35,-1,-1.00878173333877,-1.0161085025405
12.36,-1,-1.00886476737263,-1.01608865691131
12.37,-1,-1.00895021405098,-1.01614945974769
12.38,-1,-1.00895744580187,-1.01629536508123
12.39,-1,-1.00886871710385,-1.01637893515803
12.4,-1,-1.0087030419932,-1.0161788485065
12.41,-1,-1.00854960929131,-1.0156323095801
12.42,-1,-1.00852497219129,-1.01491328571671
12.43,-1,-1.00868976510819,-1.01425433837274
12.44,-1,-1.00905264030142,-1.01373541765855
12.45,-1,-1.00956919184872,-1.01327731236164
12.46,-1,-1.01007055830077,-1.01277496968224
12.47,-1,-1.01035910741568,-1.01222182795464
12.48,-1,-1.01043858925695,-1.01167668586705
12.49,-1,-1.01051924583827,-1.01117638700139
12.5,-1,-1.0108004143177,-1.01072568386767
12.51,-1,-1.01127278595314,-1.01031169658917
12.52,-1,-1.01176624479505,-1.00991216088833
12.53,-1,-1.01214308990183,-1.00949630896635
12.54,-1,-1.01241256316637,-1.00905355460541
12.55,-1,-1.01268869696076,-1.00862787206659
12.56,-1,-1.01301151369183,-1.00831338448412
12.57,-1,-1.01331800952015,-1.0081627871643
12.58,-1,-1.01355413244677,-1.00814758217983
12.59,-1,-1.01376615658383,-1.00824574254243
12.6,-1,-1.01405348892617,-1.00842258740468
12.61,-1,-1.01442262816262,-1.00859847128928
12.62,-1,-1.01480873444187,-1.00873481899521
12.63,-1,-1.01517495152556,-1.00890969245296
12.64,-1,-1.01555550874721,-1.00918800155414
12.65,-1,-1.01604150500582,-1.00949635994764
12.66,-1,-1.01664186158118,-1.00975149425381
12.67,-1,-1.01723763061917,-1.00996129009371
12.68,-1,-1.017720439724,-1.01013999668516
12.69,-1,-1.01807930785859,-1.01025119962353
12.7,-1,-1.0183764298856,-1.01027723397256
12.71,-1,-1.01862872709289,-1.0103030956466
12.72,-1,-1.01877467303413,-1.01046618601776
12.73,-1,-1.0187970441167,-1.01074936531565
12.74,-1,-1.01878587075563,-1.01096979717752
12.75,-1,-1.01885397883458,-1.01097826106481
12.76,-1,-1.01902249078373,-1.01077815914011
12.77,-1,-1.01920235383186,-1.01045285755706
12.78,-1,-1.0192918439428,-1.01005367451726
12.79,-1,-1.01924362916444,-1.00965847464889
12.8,-1,-1.01911776012235,-1.00938432071341
12.81,-1,-1.01904563418784,-1.00923827872151
12.82,-1,-1.01904081026833,-1.00908353341665
12.83,-1,-1.01894125603976,-1.00881413990715
12.84,-1,-1.01858999641446,-1.00849057695834
12.85,-1,-1.01805006653871,-1.00827302997273
12.86,-1,-1.01753074937416,-1.00825563352749
12.87,-1,-1.01714332737879,-1.00836053685685
12.88,-1,-1.01685082580532,-1.00838859243929
12.89,-1,-1.01655600354098,-1.0082171902672
12.9,-1,-1.01614871551216,-1.0078945574757
12.91,-1,-1.01555090354288,-1.00753794937423
12.92,-1,-1.01478059573705,-1.00726138621539
12.93,-1,-1.01396422919036,-1.00714123210125
12.94,-1,-1.01319632874947,-1.00712620931928
12.95,-1,-1.01241676631801,-1.00707355635365
12.96,-1,-1.01151691341305,-1.00684644573451
12.97,-1,-1.01048690282053,-1.00636587672759
12.98,-1,-1.00942744619899,-1.00573731826844
12.99,-1,-1.00846721144471,-1.00516685119134
13,-1,-1.00766469670836,-1.00477367797963
13.01,-1,-1.00695816989244,-1.00455230939722
13.02,-1,-1.00620940530784,-1.00435578114198
13.03,-1,-1.00533416171474,-1.00401160133565
13.04,-1,-1.00439237837173,-1.00349725747856
13.05,-1,-1.00354938163596,-1.00294370826199
13.06,-1,-1.00295691674941,-1.00242838711878
13.07,-1,-1.00260321014837,-1.00193536889624
13.08,-1,-1.00230291477455,-1.00151006734782
13.09,-1,-1.00192566143888,-1.00121832125128
13.1,-1,-1.00158144788584,-1.00102146130134
13.11,-1,-1.00150790613211,-1.00081039504043
13.12,-1,-1.00178500784143,-1.00052707893333
13.13,-1,-1.00224986446267,-1.0001649310651
13.14,-1,-1.00267735562992,-0.999804756418631
13.15,-1,-1.00294455318108,-0.999649323426921
13.16,-1,-1.00307839040493,-0.999808745505077
13.17,-1,-1.00322015123151,-1.00011968250334
13.18,-1,-1.00352465475571,-1.00036314635603
13.19,-1,-1.00404881367038,-1.00061402835349
13.2,-1,-1.00471468942406,-1.00117106671183
13.21,-1,-1.00534952839933,-1.00217642939746
13.22,-1,-1.00579370506743,-1.00341980343744
13.23,-1,-1.00601788802822,-1.00448907584875
13.24,-1,-1.00614294596603,-1.00515611230268
13.25,-1,-1.00635933636108,-1.00558531132152
13.26,-1,-1.00677769287184,-1.00609419511741
13.27,-1,-1.00732890522752,-1.00679105949094
13.28,-1,-1.0077905765149,-1.00749176528255
13.29,-1,-1.00796883948981,-1.0079535354971
13.3,-1,-1.00791837496023,-1.00817940438867
13.31,-1,-1.00787997236002,-1.00844068836147
13.32,-1,-1.00805277860806,-1.00898206610815
13.33,-1,-1.00847421059728,-1.00977939245395
13.34,-1,-1.00898746241357,-1.01056889090792
13.35,-1,-1.0093738514166,-1.01110193059186
13.36,-1,-1.00954852872713,-1.01134909995617
13.37,-1,-1.0096064211679,-1.01148582548973
13.38,-1,-1.00967193932694,-1.01175655907593
13.39,-1,-1.00974269418995,-1.01229057890524
13.4,-1,-1.00973696518662,-1.01300723111357
13.41,-1,-1.00966524001371,-1.01365138044211
13.42,-1,-1.00966637848856,-1.01401834329188
13.43,-1,-1.00983890474601,-1.01418165994756
13.44,-1,-1.01008995416951,-1.01445052179341
13.45,-1,-1.01026788160514,-1.01507462587699
13.46,-1,-1.0103884417281,-1.01596641468531
13.47,-1,-1.01059932649322,-1.01679364066666
13.48,-1,-1.01095540715303,-1.01731159651087
13.49,-1,-1.01133855111947,-1.01753306011523
13.5,-1,-1.01155371826789,-1.01765682739232
13.51,-1,-1.01147959604388,-1.01790957952081
13.52,-1,-1.01123243182503,-1.0183741206998
13.53,-1,-1.01107679989137,-1.01895973769721
13.54,-1,-1.01112973007955,-1.01948172001311
13.55,-1,-1.01124523411114,-1.01975295616585
13.56,-1,-1.01116524462873,-1.01974229726394
13.57,-1,-1.01081105206229,-1.01960843846946
13.58,-1,-1.01038191697329,-1.01956255368363
13.59,-1,-1.01010079556986,-1.01966634225844
13.6,-1,-1.00995875574105,-1.01973000407164
13.61,-1,-1.00975769002196,-1.01951670409786
13.62,-1,-1.00932152355019,-1.01903776397028
13.63,-1,-1.00867826214498,-1.01853806519294
13.64,-1,-1.0080357933907,-1.01821793132758
13.65,-1,-1.00756798059892,-1.01804092171675
13.66,-1,-1.00729524219366,-1.01779161477326
13.67,-1,-1.00715389893749,-1.01731067964925
13.68,-1,-1.00707316529956,-1.01661170194078
13.69,-1,-1.0069482931538,-1.01584377678731
13.7,-1,-1.00668307368194,-1.01514516896611
13.71,-1,-1.00628283486364,-1.01458180862705
13.72,-1,-1.00588154762725,-1.0141663375678
13.73,-1,-1.00567247667398,-1.01381073049059
13.74,-1,-1.00570077129341,-1.01339541619938
13.75,-1,-1.00579718462645,-1.01286312357796
13.76,-1,-1.00576118253423,-1.01223400758458
13.77,-1,-1.0055577562842,-1.01157753846555
13.78,-1,-1.00538436318657,-1.01096441845487
13.79,-1,-1.00547557638733,-1.01043887216546
13.8,-1,-1.00581472527335,-1.00996695776199
13.81,-1,-1.00611351415492,-1.00941422391088
13.82,-1,-1.00609604468698,-1.00868968919624
13.83,-1,-1.0057606689919,-1.00787647532545
13.84,-1,-1.00539337484213,-1.00714592903995
13.85,-1,-1.00531615628365,-1.0065887285875
13.86,-1,-1.00553240906075,-1.00611896371374
13.87,-1,-1.00571572669564,-1.00556493704479
13.88,-1,-1.00557185552209,-1.00487896369042
13.89,-1,-1.00512467505634,-1.00418757820363
13.9,-1,-1.00464725913849,-1.00363891526991
13.91,-1,-1.00434353814787,-1.00324568014088
13.92,-1,-1.00419208209555,-1.00289272116103
13.93,-1,-1.0040247944252,-1.0024874965795
13.94,-1,-1.00367010342928,-1.00205148943473
13.95,-1,-1.00311754799206,-1.00162659700018
13.96,-1,-1.0025699193222,-1.00123138264324
13.97,-1,-1.00226814371226,-1.00086131086826
13.98,-1,-1.00221693705883,-1.00045778161174
13.99,-1,-1.00214851663182,-0.99997571107699
14,-1,-1.00182077683601,-0.999452895454289
14.01,-1,-1.0012728565018,-0.99897372557613
14.02,-1,-1.00078367868088,-0.998581169507598
14.03,-1,-1.0006045450807,-0.998258308921265
14.04,-1,-1.00071099330662,-0.997956615234994
14.05,-1,-1.00083012096178,-0.997647712931252
14.06,-1,-1.00073644796291,-0.997426824108921
14.07,-1,-1.00045835538322,-0.997430483764399
14.08,-1,-1.00020851865069,-0.997616546360857
14.09,-1,-1.00017581389323,-0.997777353204521
14.1,-1,-1.00037901180215,-0.997747934394772
14.11,-1,-1.00066735350664,-0.997562553743494
14.12,-1,-1.00081668692519,-0.99741509025043
14.13,-1,-1.00067222774726,-0.997480773844686
14.14,-1,-1.00030293190634,-0.997773848093731
14.15,-1,-0.999985920965734,-0.99814174333522
14.16,-1,-0.999947936067567,-0.998414746266188
14.17,-1,-1.00018193835364,-0.998550455075467
14.18,-1,-1.00049041274586,-0.99862239041187
14.19,-1,-1.00064245993499,-0.998739796722408
14.2,-1,-1.00057045916168,-0.998969378102732
14.21,-1,-1.00047096681533,-0.999307318027683
14.22,-1,-1.00063076945493,-0.999722225252382
14.23,-1,-1.00110672914836,-1.00022644438561
14.24,-1,-1.00168728339552,-1.00087030829587
14.25,-1,-1.00215599515319,-1.00163800173733
14.26,-1,-1.00246247501926,-1.0023907351771
14.27,-1,-1.00270699930256,-1.00299881993421
14.28,-1,-1.00301619112291,-1.00348356766446
14.29,-1,-1.00342372437141,-1.00396016949101
14.3,-1,-1.00386976884505,-1.00457120252473
14.31,-1,-1.00425359890412,-1.00539948442469
14.32,-1,-1.00451203841792,-1.00629301674368
14.33,-1,-1.0046960635279,-1.00697366034943
14.34,-1,-1.00495934437345,-1.00734586954328
14.35,-1,-1.00540509914745,-1.00761982812212
14.36,-1,-1.00596982476628,-1.00813167191644
14.37,-1,-1.00650703716145,-1.00898116747728
14.38,-1,-1.00697072107586,-1.00990229594628
14.39,-1,-1.00741962235947,-1.01051711200712
14.4,-1,-1.00787925094298,-1.01068704316066
14.41,-1,-1.00831705220613,-1.01067841629059
14.42,-1,-1.00874574068625,-1.01089048223552
14.43,-1,-1.00923381191124,-1.01141153188464
14.44,-1,-1.00977943209402,-1.01194273940825
14.45,-1,-1.01029791218677,-1.01214068417747
14.46,-1,-1.0107174572633,-1.01201527384851
14.47,-1,-1.01099962866363,-1.0119380266254
14.48,-1,-1.01115742420491,-1.01227671728468
14.49,-1,-1.01128428539893,-1.01307946395319
14.5,-1,-1.01151875371915,-1.01399827182035
14.51,-1,-1.0119084548226,-1.01454361706529
14.52,-1,-1.01237215458187,-1.01455584115229
14.53,-1,-1.01281426788768,-1.01438369821114
14.54,-1,-1.01318017609888,-1.01452654816312
14.55,-1,-1.01345051668959,-1.01514902961524
14.56,-1,-1.01361072765095,-1.01592804342824
14.57,-1,-1.01368507443217,-1.0163854463592
14.58,-1,-1.01376515496795,-1.01639241571539
14.59,-1,-1.01386799727609,-1.016223736857
14.6,-1,-1.01389454580091,-1.01623178358993
14.61,-1,-1.01378344919305,-1.01655933906769
14.62,-1,-1.01356069530783,-1.0170070696284
14.63,-1,-1.0132710151761,-1.01723286065849
14.64,-1,-1.01297249665386,-1.01709112988669
14.65,-1,-1.01273054822276,-1.01670570581082
14.66,-1,-1.01255703562657,-1.01632883267803
14.67,-1,-1.01245285872808,-1.01610061767451
14.68,-1,-1.01245631312029,-1.01586294103345
14.69,-1,-1.01256573555934,-1.01530529471912
14.7,-1,-1.01270492030804,-1.01433292906623
14.71,-1,-1.01281459052698,-1.0132148769255
14.72,-1,-1.01285362888425,-1.01235927788652
14.73,-1,-1.01275272567837,-1.01193898451235
14.74,-1,-1.01249464135828,-1.01172682634526
14.75,-1,-1.01214055027318,-1.01132744927134
14.76,-1,-1.01177310570324,-1.01059263399616
14.77,-1,-1.01147135664992,-1.00979318966661
14.78,-1,-1.01125573657107,-1.00930762142394
14.79,-1,-1.01108974842192,-1.00918057975895
14.8,-1,-1.01095165995513,-1.00909758435414
14.81,-1,-1.0108151501928,-1.00870895852238
14.82,-1,-1.01062337688015,-1.00798261175017
14.83,-1,-1.01031705988904,-1.00724569569209
14.84,-1,-1.00987847904762,-1.00677281195297
14.85,-1,-1.00938771037234,-1.00651436614661
14.86,-1,-1.00900129801746,-1.00626548830475
14.87,-1,-1.00880090143723,-1.00590141058612
14.88,-1,-1.00869265293768,-1.00546471416679
14.89,-1,-1.00852710299077,-1.00509768648185
14.9,-1,-1.00830017655409,-1.00491173831962
14.91,-1,-1.00816705799352,-1.00489174950504
14.92,-1,-1.00824610928688,-1.00494413288916
14.93,-1,-1.00851605099882,-1.00498964146506
14.94,-1,-1.00884737555563,-1.00498181283855
14.95,-1,-1.00906117672413,-1.0049354113762
14.96,-1,-1.00908953919812,-1.0048827406671
14.97,-1,-1.00904123427387,-1.00481468525874
14.98,-1,-1.00908719114317,-1.00471936864125
14.99,-1,-1.00934639185179,-1.00457462313547
15,-1,-1.00978625605826,-1.00430105441038
15.01,-1,-1.01020529071866,-1.00385044806063
15.02,-1,-1.01042391343772,-1.00330959751294
15.03,-1,-1.01053556479905,-1.00282098010407
15.04,-1,-1.01083115732801,-1.00248472957347
15.05,-1,-1.01145493929119,-1.00230685828218
15.06,-1,-1.01225579565513,-1.00218573785658
15.07,-1,-1.01292222506595,-1.00205900548597
15.08,-1,-1.01325765708176,-1.00198914130278
15.09,-1,-1.01336119826837,-1.00204176376813
15.1,-1,-1.01345538038443,-1.00218471369341
15.11,-1,-1.013636213712,-1.00233091451514
15.12,-1,-1.01392074717196,-1.00240903189257
15.13,-1,-1.01433246967228,-1.00243854006083
15.14,-1,-1.01482511649038,-1.00249825472217
15.15,-1,-1.0152283146604,-1.00260733308866
15.16,-1,-1.01536503641209,-1.00273852427718
15.17,-1,-1.01526072217767,-1.00287043308757
15.18,-1,-1.01508605489381,-1.00297947530435
15.19,-1,-1.01494285283492,-1.0030471488518
15.2,-1,-1.01484121149146,-1.0031210198186
15.21,-1,-1.01472624227146,-1.00331415008612
15.22,-1,-1.01455445741717,-1.0037106821857
15.23,-1,-1.01436447347172,-1.00427072118218
15.24,-1,-1.01417874847579,-1.00485012886205
15.25,-1,-1.0139216201429,-1.0053224913713
15.26,-1,-1.01350063333513,-1.00565913816439
15.27,-1,-1.01294893811157,-1.00594509019524
15.28,-1,-1.01244405055446,-1.00629814366621
15.29,-1,-1.01215126229101,-1.00677609296576
15.3,-1,-1.01205689369922,-1.00734345436904
15.31,-1,-1.01198351957013,-1.00789661629894
15.32,-1,-1.01179237297573,-1.00838572854913
15.33,-1,-1.01152417647817,-1.00885258600399
15.34,-1,-1.01131688060418,-1.00928927196227
15.35,-1,-1.01126964265718,-1.00960371654129
15.36,-1,-1.01136560009499,-1.00975559529058
15.37,-1,-1.01150033719293,-1.00984732683278
15.38,-1,-1.01157871728159,-1.00999539443914
15.39,-1,-1.01153775447399,-1.01021238846382
15.4,-1,-1.01138393815223,-1.01049677865824
15.41,-1,-1.01122065886933,-1.01080054684073
15.42,-1,-1.01112865327314,-1.01094061453644
15.43,-1,-1.0110921568748,-1.01076444415585
15.44,-1,-1.01104447869937,-1.01035836420664
15.45,-1,-1.01091068607417,-1.00994614869592
15.46,-1,-1.01063138966257,-1.00966807423629
15.47,-1,-1.01020581806397,-1.00951147350758
15.48,-1,-1.00974599424846,-1.00930646455629
15.49,-1,-1.00941194187702,-1.00886236394536
15.5,-1,-1.00921254213796,-1.00819604103064
15.51,-1,-1.00898454115108,-1.00756376126921
15.52,-1,-1.00863007449334,-1.00722160154917
15.53,-1,-1.00822819864977,-1.00713526225301
15.54,-1,-1.00786173943007,-1.00693382882705
15.55,-1,-1.00752578391752,-1.00620200232326
15.56,-1,-1.00719929018329,-1.00494293512072
15.57,-1,-1.00689334672819,-1.00367735193265
15.58,-1,-1.00668966797679,-1.00297406646365
15.59,-1,-1.00667000754181,-1.00290975648046
15.6,-1,-1.0067364874645,-1.00302509272506
15.61,-1,-1.0066036344657,-1.00277067346324
15.62,-1,-1.00605351331134,-1.00204361218838
15.63,-1,-1.00516894421684,-1.0012949835927
15.64,-1,-1.00429636986505,-1.00105463032814
15.65,-1,-1.00374656386394,-1.0014384409763
15.66,-1,-1.00350837014964,-1.00207030030411
15.67,-1,-1.00326238546716,-1.00240818645618
15.68,-1,-1.00270823493905,-1.00225398491205
15.69,-1,-1.00184460868679,-1.00194282964658
15.7,-1,-1.00094038111587,-1.00193700070303
15.71,-1,-1.00030681457948,-1.00233757886186
15.72,-1,-1.00007912168155,-1.00285241678669
15.73,-1,-1.000123247305,-1.00314360356939
15.74,-1,-1.00020761626208,-1.0031943746762
15.75,-1,-1.00025584111227,-1.00331238628285
15.76,-1,-1.00035807323047,-1.00375241663656
15.77,-1,-1.00063131875626,-1.00440785614532
15.78,-1,-1.001041342605,-1.00495767708458
15.79,-1,-1.00140475059288,-1.00523081739206
15.8,-1,-1.00161728692616,-1.00533457071473
15.81,-1,-1.00173841027115,-1.00553245862418
15.82,-1,-1.00182445134944,-1.00599341476253
15.83,-1,-1.0018659912611,-1.00661380250051
15.84,-1,-1.00194785476786,-1.00711996342541
15.85,-1,-1.00222345642461,-1.00734263354005
15.86,-1,-1.00273661124095,-1.00737217067859
15.87,-1,-1.00338567558484,-1.00747035151433
15.88,-1,-1.00400308530041,-1.00784744676169
15.89,-1,-1.00446798669413,-1.00844794978122
15.9,-1,-1.00479255657831,-1.00894808250494
15.91,-1,-1.00508234889232,-1.00906843425278
15.92,-1,-1.00544768468945,-1.00891413078806
15.93,-1,-1.00594275466678,-1.00884902617909
15.94,-1,-1.00647211564692,-1.00911949267016
15.95,-1,-1.00681569142364,-1.00969990642887
15.96,-1,-1.00681437650628,-1.01038918876797
15.97,-1,-1.00653270795927,-1.01093385710584
15.98,-1,-1.00623420994144,-1.01116553167684
15.99,-1,-1.00615101590558,-1.01115945434903
16,-1,-1.0063045025256,-1.01119156574172
16.01,-1,-1.00655804273202,-1.01149697611135
16.02,-1,-1.00675761006094,-1.01202163340919
16.03,-1,-1.00686080603975,-1.01246899680397
16.04,-1,-1.00698086355806,-1.0126240477042
16.05,-1,-1.00722345396436,-1.01253896536724
16.06,-1,-1.00752473188703,-1.01240585750961
16.07,-1,-1.00770980339692,-1.01232449055508
16.08,-1,-1.0077114031294,-1.01223249376313
16.09,-1,-1.00770405290935,-1.01203915720675
16.1,-1,-1.0079381536058,-1.01171998495098
16.11,-1,-1.00843438538632,-1.01130406561996
16.12,-1,-1.00890961001556,-1.01084860380339
16.13,-1,-1.00903109057039,-1.01040748559479
16.14,-1,-1.00877327399571,-1.01001255220243
16.15,-1,-1.00846267207525,-1.00966491201762
16.16,-1,-1.00842429180243,-1.00932001009504
16.17,-1,-1.00868645570154,-1.00895140976874
16.18,-1,-1.00900893774048,-1.00861101075101
16.19,-1,-1.00908589153492,-1.00834293317021
16.2,-1,-1.00886554576638,-1.00806614907186
16.21,-1,-1.00864161095186,-1.0076170188122
16.22,-1,-1.00871940155817,-1.00694555568467
16.23,-1,-1.0091207413733,-1.00621214612287
16.24,-1,-1.00962825786161,-1.00567912240592
16.25,-1,-1.01008143263284,-1.00545799287616
16.26,-1,-1.01053190217128,-1.00536877923213
16.27,-1,-1.01107620600889,-1.00514101738008
16.28,-1,-1.01166808379154,-1.00471660480603
16.29,-1,-1.01213316015705,-1.00431125318033
16.3,-1,-1.01233807517899,-1.004152681757
16.31,-1,-1.01234918544238,-1.00420807460482
16.32,-1,-1.01239171692519,-1.00425116103638
16.33,-1,-1.01265013373884,-1.00409849170394
16.34,-1,-1.01308850507777,-1.0037571288968
16.35,-1,-1.01345975406842,-1.00343090806691
16.36,-1,-1.01357191279799,-1.00334791913799
16.37,-1,-1.01347312410585,-1.00348777905763
16.38,-1,-1.01335449113768,-1.00355230328403
16.39,-1,-1.0133904336885,-1.0033193869391
16.4,-1,-1.01363558523778,-1.00289591865689
16.41,-1,-1.0139796993174,-1.00263145048577
16.42,-1,-1.01423266475479,-1.00279073260761
16.43,-1,-1.01435190074407,-1.00329113418723
16.44,-1,-1.01444230645455,-1.00379045596528
16.45,-1,-1.01452880182345,-1.00396638978584
16.46,-1,-1.01453833064414,-1.00377937532238
16.47,-1,-1.01448147968621,-1.00354023532524
16.48,-1,-1.01448913650033,-1.00362819144194
16.49,-1,-1.01464399231177,-1.00413615867877
16.5,-1,-1.01487106789512,-1.0048368014093
16.51,-1,-1.01503856436525,-1.00539544828167
16.52,-1,-1.01507170868679,-1.00565550157571
16.53,-1,-1.01498278890721,-1.00575593583095
16.54,-1,-1.01487850313233,-1.00589792604374
16.55,-1,-1.01487631828261,-1.00612034640178
16.56,-1,-1.01495942368493,-1.00630801753401
16.57,-1,-1.01493451846349,-1.00633475544686
16.58,-1,-1.01459788321232,-1.00620560008496
16.59,-1,-1.01394357411214,-1.00605554613417
16.6,-1,-1.01317268944609,-1.00603927218006
16.61,-1,-1.01255207919437,-1.00613890586816
16.62,-1,-1.01222919673833,-1.00612223804966
16.63,-1,-1.01209109559129,-1.00586792215575
16.64,-1,-1.01184575432918,-1.00557291536992
16.65,-1,-1.01132326697557,-1.00551033381702
16.66,-1,-1.01066866314805,-1.00570530050853
16.67,-1,-1.01018450150787,-1.00589782080935
16.68,-1,-1.01000978124614,-1.00578039585009
16.69,-1,-1.00995809798879,-1.00530916438087
16.7,-1,-1.00972620811518,-1.00477950491711
16.71,-1,-1.00921514425124,-1.00453232479238
16.72,-1,-1.00856344584694,-1.00466581963328
16.73,-1,-1.00800803562145,-1.00504438817987
16.74,-1,-1.00772066077415,-1.00542519518756
16.75,-1,-1.0076441138864,-1.00559060180711
16.76,-1,-1.00754106310529,-1.00552223919976
16.77,-1,-1.00723204375838,-1.00538570409526
16.78,-1,-1.00675787028738,-1.00528822283111
16.79,-1,-1.00638152008469,-1.00524615314032
16.8,-1,-1.00639555872587,-1.0052556886583
16.81,-1,-1.00678593257329,-1.00524552037618
16.82,-1,-1.0071735194371,-1.00513660349294
16.83,-1,-1.007179781496,-1.00493036065878
16.84,-1,-1.00681888578265,-1.00465432902312
16.85,-1,-1.00651005215021,-1.00436048130033
16.86,-1,-1.00663288073578,-1.00416671344417
16.87,-1,-1.00710214642136,-1.00412776040493
16.88,-1,-1.00750683954624,-1.00412929348563
16.89,-1,-1.00760585745709,-1.00397633708397
16.9,-1,-1.00754748817937,-1.0036089698132
16.91,-1,-1.00767485851162,-1.00316413275558
16.92,-1,-1.00816332385513,-1.00280813984573
16.93,-1,-1.00882624297217,-1.00262563856401
16.94,-1,-1.00931215964116,-1.00257516747074
16.95,-1,-1.00945841223203,-1.00250597176886
16.96,-1,-1.00944530424084,-1.00232974060089
16.97,-1,-1.00957842821511,-1.00213577955784
16.98,-1,-1.00993681108326,-1.00208943596237
16.99,-1,-1.01030043069657,-1.00218446473751
17,-1,-1.01037751367555,-1.00218265263981
17.01,-1,-1.01010252448285,-1.00189642167815
17.02,-1,-1.00977719531956,-1.00147096505195
17.03,-1,-1.00984009355046,-1.00125814025661
17.04,-1,-1.01040815844734,-1.00137286329131
17.05,-1,-1.01117322475269,-1.00154897467145
17.06,-1,-1.01172007547168,-1.00150056952016
17.07,-1,-1.01187379523696,-1.00129268339266
17.08,-1,-1.01185760056597,-1.00120572998212
17.09,-1,-1.012040443487,-1.00135929416765
17.1,-1,-1.01252771321001,-1.0016137113703
17.11,-1,-1.01311024572227,-1.0017354916145
17.12,-1,-1.01354312293225,-1.00164919209815
17.13,-1,-1.01379864248917,-1.00150073969691
17.14,-1,-1.01403827016856,-1.00146090241714
17.15,-1,-1.01439072738442,-1.00156854793398
17.16,-1,-1.01481971812976,-1.00174679597846
17.17,-1,-1.01517584411095,-1.00193372282001
17.18,-1,-1.01534467543744,-1.00212530004806
17.19,-1,-1.01537033031164,-1.00232527444641
17.2,-1,-1.01543996293892,-1.00253373257147
17.21,-1,-1.01564956215523,-1.00276110657262
17.22,-1,-1.01584692870827,-1.003032960236
17.23,-1,-1.01580843465578,-1.00341895232486
17.24,-1,-1.01545418989175,-1.00399284468947
17.25,-1,-1.0148857041071,-1.00467737582653
17.26,-1,-1.0143242802256,-1.00524345748445
17.27,-1,-1.01399665433248,-1.00554794584428
17.28,-1,-1.01398931324768,-1.00568520260114
17.29,-1,-1.01415586663928,-1.00585708664737
17.3,-1,-1.01423007884811,-1.0061415411582
17.31,-1,-1.01405566536338,-1.00642629725576
17.32,-1,-1.01370590410114,-1.00652874051112
17.33,-1,-1.0133776122163,-1.00640326277655
17.34,-1,-1.0131544310528,-1.00620298293294
17.35,-1,-1.01295081946734,-1.00610111513031
17.36,-1,-1.01266852505646,-1.0061714637879
17.37,-1,-1.01230807335847,-1.00636337838888
17.38,-1,-1.0119178264609,-1.0064916747438
17.39,-1,-1.01151749704422,-1.0064495962853
17.4,-1,-1.01107953346651,-1.00638507355856
17.41,-1,-1.01058303528791,-1.00651752976757
17.42,-1,-1.01003278068954,-1.00688058700242
17.43,-1,-1.00937152925458,-1.00726059285157
17.44,-1,-1.00857164691165,-1.0073886415781
17.45,-1,-1.00774853573716,-1.0072254761219
17.46,-1,-1.00706954565078,-1.00696912203509
17.47,-1,-1.00664071343096,-1.00678892775703
17.48,-1,-1.00644186563324,-1.00665284664309
17.49,-1,-1.00628705283603,-1.00644147717415
17.5,-1,-1.00597047273951,-1.00614730692767
17.51,-1,-1.00551699770674,-1.00588587548987
17.52,-1,-1.00515280159559,-1.00576652820861
17.53,-1,-1.00504969425074,-1.00575178820419
17.54,-1,-1.00515619609592,-1.00569293616668
17.55,-1,-1.00524800684158,-1.00553547350794
17.56,-1,-1.00513722398618,-1.00540098622417
17.57,-1,-1.00483208164816,-1.00547003987156
17.58,-1,-1.00451099504128,-1.00579501024104
17.59,-1,-1.00437647647202,-1.00622954961815
17.6,-1,-1.0044785387572,-1.0065483131969
17.61,-1,-1.00465191674107,-1.006579931423
17.62,-1,-1.00465413634754,-1.00632010767719
17.63,-1,-1.00440755058775,-1.00594571620981
17.64,-1,-1.00407055874029,-1.00565983923156
17.65,-1,-1.00388781436282,-1.00552437021225
17.66,-1,-1.00399624165178,-1.00540083009598
17.67,-1,-1.00427014591533,-1.00510548748198
17.68,-1,-1.00439490470297,-1.00462121051272
17.69,-1,-1.00418166987252,-1.00409082597104
17.7,-1,-1.00377925760866,-1.00368171347417
17.71,-1,-1.00349791681548,-1.00350555934064
17.72,-1,-1.00351118428284,-1.00356027391841
17.73,-1,-1.00374701761703,-1.00368891854233
17.74,-1,-1.00396497375252,-1.00370036468497
17.75,-1,-1.00394039771628,-1.00357912023546
17.76,-1,-1.00363503379641,-1.00352840175128
17.77,-1,-1.00322227461423,-1.00372407235698
17.78,-1,-1.00292512765292,-1.00409914650251
17.79,-1,-1.0028332057252,-1.00447228554432
17.8,-1,-1.00285179973776,-1.00474705142671
17.81,-1,-1.0027863769468,-1.00498005038264
17.82,-1,-1.002524726237,-1.00528364806141
17.83,-1,-1.00216950422326,-1.00563478383478
17.84,-1,-1.00189336499825,-1.00593728666282
17.85,-1,-1.00175289706365,-1.0061592159787
17.86,-1,-1.00171259589418,-1.00626389301689
17.87,-1,-1.00170517240033,-1.00617782579259
17.88,-1,-1.00169291791624,-1.00593835403257
17.89,-1,-1.00169971778265,-1.00573682634636
17.9,-1,-1.00179134010947,-1.00570868780155
17.91,-1,-1.00197944050798,-1.00578801921021
17.92,-1,-1.00220157195369,-1.00581939407661
17.93,-1,-1.00244239929621,-1.00572702512353
17.94,-1,-1.0027047917756,-1.00558690212163
17.95,-1,-1.00295031513651,-1.00555271054301
17.96,-1,-1.0031827239828,-1.00564124985965
17.97,-1,-1.00343896270064,-1.00568925822063
17.98,-1,-1.00373124285773,-1.00556277793835
17.99,-1,-1.00403552550886,-1.00530515159257
18,-1,-1.0042630283313,-1.00510330372195
18.01,-1,-1.00435549711003,-1.00510748901194
18.02,-1,-1.00438631806305,-1.00527877712973
18.03,-1,-1.00444261902767,-1.00541283190997
18.04,-1,-1.00453078158195,-1.00533132471614
18.05,-1,-1.00463824648689,-1.00509576944629
18.06,-1,-1.00474261961241,-1.00490387062282
18.07,-1,-1.00482352385574,-1.0048425905989
18.08,-1,-1.00494342632689,-1.00488497227115
18.09,-1,-1.00517358310067,-1.00496494991623
18.1,-1,-1.00546375599463,-1.00498809886128
18.11,-1,-1.00569006270408,-1.00493264589428
18.12,-1,-1.00580174030882,-1.00491571920709
18.13,-1,-1.00587357629107,-1.00506391719835
18.14,-1,-1.00597120745627,-1.00539088475797
18.15,-1,-1.00606773102053,-1.00578173637452
18.16,-1,-1.0060872941508,-1.00607218811864
18.17,-1,-1.0059675569524,-1.00622591316786
18.18,-1,-1.00573394425968,-1.00639564710519
18.19,-1,-1.00550470829294,-1.00672239849757
18.2,-1,-1.00540959015205,-1.00717054205335
18.21,-1,-1.0054805430881,-1.00757409598866
18.22,-1,-1.00560286794157,-1.0077777382232
18.23,-1,-1.00563378524254,-1.00779575978455
18.24,-1,-1.00555736826723,-1.00783662391513
18.25,-1,-1.00547112778663,-1.00808259386697
18.26,-1,-1.00551216174183,-1.00848464133419
18.27,-1,-1.00575136852046,-1.0088131718292
18.28,-1,-1.00610140627214,-1.00892910625332
18.29,-1,-1.00641115947839,-1.00893214682711
18.3,-1,-1.00662224029817,-1.00900604472887
18.31,-1,-1.00679414255589,-1.00921611580473
18.32,-1,-1.00704842600501,-1.00944299544519
18.33,-1,-1.0074695281673,-1.00952965178075
18.34,-1,-1.00796945184401,-1.00946049344347
18.35,-1,-1.00829611422697,-1.00938074429585
18.36,-1,-1.00829405458941,-1.00947006047057
18.37,-1,-1.00813332684769,-1.00973183463825
18.38,-1,-1.00818176727118,-1.00992606802409
18.39,-1,-1.00862329546622,-1.0097646368226
18.4,-1,-1.00928227912621,-1.00922006502241
18.41,-1,-1.00980195885303,-1.00860588843007
18.42,-1,-1.00997091356139,-1.00826574642664
18.43,-1,-1.00993838774432,-1.00823855657068
18.44,-1,-1.01003738421381,-1.0082790808734
18.45,-1,-1.01038499039497,-1.00815153484238
18.46,-1,-1.0107839868811,-1.00786280283467
18.47,-1,-1.01097446049914,-1.00763004927107
18.48,-1,-1.01092746072569,-1.00764207637263
18.49,-1,-1.01092220275477,-1.00786033403595
18.5,-1,-1.01122608279326,-1.00809814705814
18.51,-1,-1.01169624854279,-1.00819920600392
18.52,-1,-1.01186762577047,-1.0081244909701
18.53,-1,-1.01147958230719,-1.00797430621126
18.54,-1,-1.01074624714574,-1.00787253719239
18.55,-1,-1.01014307218722,-1.00781875459393
18.56,-1,-1.00998260931063,-1.00768469465194
18.57,-1,-1.01013747678644,-1.00733502241532
18.58,-1,-1.01020708075022,-1.00675428584063
18.59,-1,-1.00991654272902,-1.00610625500383
18.6,-1,-1.009377668058,-1.00559168199089
18.61,-1,-1.00892864622836,-1.00522193824239
18.62,-1,-1.00874563726985,-1.00485064445336
18.63,-1,-1.00867520734729,-1.00437406134718
18.64,-1,-1.00839842497436,-1.00385954407329
18.65,-1,-1.00777304392597,-1.0034573127274
18.66,-1,-1.00698814000444,-1.00321251881644
18.67,-1,-1.00633433586438,-1.00308691406515
18.68,-1,-1.00596798891077,-1.00298846000632
18.69,-1,-1.00586418598649,-1.00274675735432
18.7,-1,-1.00574173646364,-1.00225617949788
18.71,-1,-1.0052556400124,-1.00165122656274
18.72,-1,-1.00445164727058,-1.00123254965524
18.73,-1,-1.00381657923829,-1.00115480442793
18.74,-1,-1.00374816247862,-1.00124118289646
18.75,-1,-1.00406851640225,-1.00119617244141
18.76,-1,-1.00422921620494,-1.00092586787637
18.77,-1,-1.0039127083057,-1.00052966044827
18.78,-1,-1.00330951418529,-1.00020708610833
18.79,-1,-1.00288721230894,-1.00013885105219
18.8,-1,-1.00292231807322,-1.00029411075017
18.81,-1,-1.00328732974138,-1.00048334355093
18.82,-1,-1.00362685889353,-1.00047614732859
18.83,-1,-1.00371734008089,-1.00011563695187
18.84,-1,-1.00368389937141,-0.999469778202242
18.85,-1,-1.00381543346093,-0.998779824695798
18.86,-1,-1.00428907763952,-0.998241345515359
18.87,-1,-1.00500343564656,-0.997924484273406
18.88,-1,-1.00564204588926,-0.997810453228952
18.89,-1,-1.00595023938814,-0.997832275318415
18.9,-1,-1.00596056054857,-0.997943164814086
18.91,-1,-1.0059505064034,-0.998144419724694
18.92,-1,-1.00617397022146,-0.998403107251042
18.93,-1,-1.00660479242277,-0.998604531612082
18.94,-1,-1.00699683848885,-0.998710353468445
18.95,-1,-1.00722716271066,-0.998801034865228
18.96,-1,-1.00733383736191,-0.998911968590177
18.97,-1,-1.00737279880435,-0.998998370368699
18.98,-1,-1.00740788221696,-0.999034743895807
18.99,-1,-1.00751045172482,-0.999064835209186
19,-1,-1.0076919456583,-0.999163687841645
19.01,-1,-1.0078379061841,-0.999357091401219
19.02,-1,-1.00784912720292,-0.999565939885613
19.03,-1,-1.00784387456492,-0.999675705553532
19.04,-1,-1.00802921207367,-0.999716391469611
19.05,-1,-1.00841442118421,-0.999849063607389
19.06,-1,-1.0087603288376,-1.0001486187606
19.07,-1,-1.00879319459676,-1.00052466666183
19.08,-1,-1.00850565084246,-1.00084878720835
19.09,-1,-1.00821360998438,-1.00110117446587
19.1,-1,-1.00822230208904,-1.00136651239219
19.11,-1,-1.00843762013961,-1.00173730579083
19.12,-1,-1.00846441948909,-1.00221616121278
19.13,-1,-1.00811034956766,-1.00266327582221
19.14,-1,-1.00760954145837,-1.00292182967399
19.15,-1,-1.00735026706282,-1.00301071773377
19.16,-1,-1.00745771747153,-1.00311471135501
19.17,-1,-1.00770904068567,-1.00336823631389
19.18,-1,-1.00781264208269,-1.00369756789095
19.19,-1,-1.00767904813718,-1.00396789105729
19.2,-1,-1.00746821001589,-1.00416961886496
19.21,-1,-1.00733494063551,-1.00434709607521
19.22,-1,-1.00723174797512,-1.00454238517268
19.23,-1,-1.0070036299518,-1.00481079753674
19.24,-1,-1.00655608428897,-1.00515759342187
19.25,-1,-1.00595996301307,-1.00552268687998
19.26,-1,-1.00541953854264,-1.00586111661002
19.27,-1,-1.00512004416731,-1.00617198087868
19.28,-1,-1.00505572550071,-1.00644393349102
19.29,-1,-1.00505373773572,-1.0066657686801
19.3,-1,-1.00499018021594,-1.00686450143884
19.31,-1,-1.00492357163973,-1.00707478123575
19.32,-1,-1.00497100623085,-1.00734392167158
19.33,-1,-1.00508932464971,-1.00774493327415
19.34,-1,-1.00507728356423,-1.00824866544659
19.35,-1,-1.00477156808116,-1.00868521593994
19.36,-1,-1.00423784280309,-1.0089418085375
19.37,-1,-1.0037466986205,-1.00907753280723
19.38,-1,-1.00351786650221,-1.00925298900713
19.39,-1,-1.00351810179778,-1.00958683703365
19.4,-1,-1.00351990781574,-1.01003103228001
19.41,-1,-1.00336142643457,-1.01038527411617
19.42,-1,-1.00311516280543,-1.01049312030897
19.43,-1,-1.00301676256385,-1.01040743144712
19.44,-1,-1.00323032025794,-1.01033028437456
19.45,-1,-1.00368266688656,-1.01042645956346
19.46,-1,-1.00412836934325,-1.01068991696709
19.47,-1,-1.00434436604031,-1.01094750482366
19.48,-1,-1.00428419482085,-1.01104284936488
19.49,-1,-1.00415184454159,-1.0110625977627
19.5,-1,-1.00427255311469,-1.01119950704572
19.51,-1,-1.00476595504435,-1.0114786637846
19.52,-1,-1.00539935235172,-1.01176237279218
19.53,-1,-1.00582748211977,-1.0118548189297
19.54,-1,-1.00591786159816,-1.01165886732875
19.55,-1,-1.0057859244995,-1.01132243763918
19.56,-1,-1.00556934629968,-1.01112542257487
19.57,-1,-1.00529062230897,-1.01121935655075
19.58,-1,-1.00494808912235,-1.01151142600939
19.59,-1,-1.00454444812664,-1.01177269644895
19.6,-1,-1.00406309451289,-1.01188392093798
19.61,-1,-1.00350260542442,-1.0119004741744
19.62,-1,-1.00289208853101,-1.01188645923732
19.63,-1,-1.00233606640556,-1.01183036985791
19.64,-1,-1.00196743279559,-1.01172585137711
19.65,-1,-1.00181994537496,-1.01161925184056
19.66,-1,-1.0018182971079,-1.01151303293113
19.67,-1,-1.00184974348669,-1.01128783924971
19.68,-1,-1.00186535124164,-1.01081237841417
19.69,-1,-1.00189158504003,-1.01014609762008
19.7,-1,-1.00193619347907,-1.009500437357
19.71,-1,-1.00199710309662,-1.00902322626663
19.72,-1,-1.00209973377445,-1.00866736507744
19.73,-1,-1.0022499088522,-1.00826293669401
19.74,-1,-1.00241522533854,-1.00773915021944
19.75,-1,-1.00259040949605,-1.00719523206839
19.76,-1,-1.00279215105563,-1.0067718355885
19.77,-1,-1.00299313007446,-1.00656007711663
19.78,-1,-1.00314033546493,-1.00651715219598
19.79,-1,-1.00321518064903,-1.00646825039088
19.8,-1,-1.00324785850418,-1.00625501787548
19.81,-1,-1.00327066341267,-1.00582458634807
19.82,-1,-1.0033335539313,-1.00524912450627
19.83,-1,-1.0034678858989,-1.00470392151082
19.84,-1,-1.00357992727289,-1.00432624511457
19.85,-1,-1.0035686066462,-1.00410328835746
19.86,-1,-1.00349593019384,-1.00388864701409
19.87,-1,-1.0035029709617,-1.00352196267329
19.88,-1,-1.00366052792269,-1.00300794347818
19.89,-1,-1.00389286950405,-1.00252430397034
19.9,-1,-1.00402917251073,-1.00216286171335
19.91,-1,-1.00397952967364,-1.0018567533884
19.92,-1,-1.0038249307433,-1.00154650847249
19.93,-1,-1.00377685833026,-1.00122208367527
19.94,-1,-1.00405423786448,-1.00093561685993
19.95,-1,-1.00467255866371,-1.00074939070443
19.96,-1,-1.0053990238681,-1.00068927887419
19.97,-1,-1.00595626003595,-1.00073603449947
19.98,-1,-1.00630603623008,-1.0008077618939
19.99,-1,-1.00667343692692,-1.00083551638796
20,-1,-1.00725300184309,-1.00084062865446
20.01,-1,-1.00799813530124,-1.00090419069204
20.02,-1,-1.00869049619609,-1.00102825769864
20.03,-1,-1.00918345690742,-1.00107656139064
20.04,-1,-1.00951548018276,-1.00096939834921
20.05,-1,-1.00982408075344,-1.000812578153
20.06,-1,-1.01020930769515,-1.00073201642674
20.07,-1,-1.01062495315234,-1.00073023915033
20.08,-1,-1.01093696985009,-1.00079233615797
20.09,-1,-1.01109133935482,-1.00099549033208
20.1,-1,-1.0111757517208,-1.0014002229666
20.11,-1,-1.01135549144312,-1.0019655758316
20.12,-1,-1.01172970318841,-1.00258710157036
20.13,-1,-1.01222236945351,-1.00319036137805
20.14,-1,-1.01265414807978,-1.00378873006145
20.15,-1,-1.01292171635522,-1.00440525125619
20.16,-1,-1.0130651159394,-1.00505753987637
20.17,-1,-1.01315657330196,-1.00578777093166
20.18,-1,-1.013203697531,-1.00656458280194
20.19,-1,-1.01322697458771,-1.00726940783202
20.2,-1,-1.0132799164763,-1.00785213219726
20.21,-1,-1.01330946835604,-1.00838721824965
20.22,-1,-1.01318883496678,-1.0089803251981
20.23,-1,-1.01288563498777,-1.00958695272086
20.24,-1,-1.01251775682762,-1.00998449818419
20.25,-1,-1.01227889228911,-1.01008378618577
20.26,-1,-1.01223540896284,-1.01006489232636
20.27,-1,-1.01226598238606,-1.01014585763085
20.28,-1,-1.01221907390406,-1.01038152474845
20.29,-1,-1.01206421564539,-1.010613112966
20.3,-1,-1.01191445870067,-1.01060498957527
20.31,-1,-1.01192462865923,-1.01029704885881
20.32,-1,-1.01209933914429,-1.009905621524
20.33,-1,-1.01227289677474,-1.00975235981792
20.34,-1,-1.01228915221275,-1.00990938922554
20.35,-1,-1.01208872081234,-1.01007400906252
20.36,-1,-1.01176713037999,-1.00991015886577
20.37,-1,-1.01160695579041,-1.00941952705784
20.38,-1,-1.01182827027645,-1.00890542364217
20.39,-1,-1.01228643598139,-1.00860671139588
20.4,-1,-1.01260613700723,-1.00848829733097
20.41,-1,-1.0125416214734,-1.0083447613062
20.42,-1,-1.01220625939648,-1.0079947444462
20.43,-1,-1.01197056781356,-1.00746289292013
20.44,-1,-1.01203663609111,-1.00698707812932
20.45,-1,-1.01220041361518,-1.00680863079774
20.46,-1,-1.01205130700593,-1.00696851089594
20.47,-1,-1.01139358022701,-1.00727795151319
20.48,-1,-1.01052453246185,-1.00745552601762
20.49,-1,-1.00993289328736,-1.0073152732853
20.5,-1,-1.0097588399692,-1.00689733262833
20.51,-1,-1.00969088326057,-1.00646922184168
20.52,-1,-1.00930919392649,-1.006300958451
20.53,-1,-1.00850404097352,-1.00642131500475
20.54,-1,-1.00757463591099,-1.00660272272666
20.55,-1,-1.00685006976056,-1.00658764591955
20.56,-1,-1.00637118504474,-1.00640512042897
20.57,-1,-1.00597896606147,-1.00632692896958
20.58,-1,-1.00551600739896,-1.00656613067506
20.59,-1,-1.00497872047656,-1.00712795930341
20.6,-1,-1.00449585704384,-1.00779564320452
20.61,-1,-1.00417176577861,-1.00832044616475
20.62,-1,-1.00404149705966,-1.00866682333134
20.63,-1,-1.00404054208924,-1.00899732949186
20.64,-1,-1.00399893297799,-1.00945860050217
20.65,-1,-1.00381146745781,-1.01001105989201
20.66,-1,-1.00356760431258,-1.01049354516812
20.67,-1,-1.00348191532023,-1.01081805798056
20.68,-1,-1.00368789760128,-1.01106307356119
20.69,-1,-1.00408570336388,-1.01138649540175
20.7,-1,-1.00441019080326,-1.01184737176033
20.71,-1,-1.00443013817974,-1.01232124764454
20.72,-1,-1.00417346565431,-1.01262342016853
20.73,-1,-1.00392026249751,-1.01269308567721
20.74,-1,-1.00391892634427,-1.01260125282955
20.75,-1,-1.00416049188974,-1.01248835910582
20.76,-1,-1.00433609277731,-1.01248197082451
20.77,-1,-1.00409884350349,-1.01256189946722
20.78,-1,-1.00340146749214,-1.01253223096146
20.79,-1,-1.00255466948601,-1.01219360509537
20.8,-1,-1.00202132616819,-1.01159022501006
20.81,-1,-1.00199029910927,-1.01100378639672
20.82,-1,-1.00216058261624,-1.01065683415163
20.83,-1,-1.0021122957765,-1.01052732846614
20.84,-1,-1.00182505131855,-1.01045003583622
20.85,-1,-1.00167213422413,-1.01023745663989
20.86,-1,-1.00194845548179,-1.00981594344913
20.87,-1,-1.00255307571446,-1.00931501451138
20.88,-1,-1.00309237314794,-1.00890953313564
20.89,-1,-1.00323320262446,-1.0086624069206
20.9,-1,-1.00300393291723,-1.00847109084075
20.91,-1,-1.00272368645977,-1.00815556143454
20.92,-1,-1.00265726722136,-1.00768493902593
20.93,-1,-1.00280044922614,-1.00719933246617
20.94,-1,-1.00299883601031,-1.00682803827645
20.95,-1,-1.00315730641316,-1.00660338064594
20.96,-1,-1.00324808674915,-1.00643546757845
20.97,-1,-1.00328055698959,-1.0061460361622
20.98,-1,-1.00333588834154,-1.00565266351895
20.99,-1,-1.00349358360334,-1.00507613345169
21,-1,-1.00371898309092,-1.0045896748614
21.01,-1,-1.00387141022246,-1.0042680742023
21.02,-1,-1.00387458329231,-1.00403690125119
21.03,-1,-1.00382939811506,-1.0037437175508
21.04,-1,-1.00389630573352,-1.00335695755744
21.05,-1,-1.00417596689752,-1.00303358219007
21.06,-1,-1.00462796430989,-1.00294747001365
21.07,-1,-1.00507388651248,-1.0031214729129
21.08,-1,-1.00534384408635,-1.00339695736642
21.09,-1,-1.00541591882064,-1.00355869770827
21.1,-1,-1.00541679154233,-1.00352673670526
21.11,-1,-1.00549901565958,-1.00339908016134
21.12,-1,-1.00572468278095,-1.00336856003148
21.13,-1,-1.00597312470837,-1.0035625102395
21.14,-1,-1.00602494086915,-1.00393625591205
21.15,-1,-1.00585946329147,-1.00434275122346
21.16,-1,-1.00574879141935,-1.00463359625413
21.17,-1,-1.00600003143296,-1.00476345366641
21.18,-1,-1.00666675446553,-1.00480088082421
21.19,-1,-1.00743393135722,-1.00481743350959
21.2,-1,-1.00783063094173,-1.00484259654683
21.21,-1,-1.00765572500648,-1.00488887891424
21.22,-1,-1.00716696056746,-1.00496226833291
21.23,-1,-1.0069124458854,-1.00508960860433
21.24,-1,-1.00723600037468,-1.00530793543215
21.25,-1,-1.00788936414386,-1.00555319373818
21.26,-1,-1.00829551729718,-1.00562664598268
21.27,-1,-1.00815000910487,-1.0054074253708
21.28,-1,-1.0077096882416,-1.00508024561363
21.29,-1,-1.00749244737083,-1.0050116519688
21.3,-1,-1.00777097076192,-1.00539954442101
21.31,-1,-1.00833458510413,-1.00605717368991
21.32,-1,-1.00865995204468,-1.00655010550638
21.33,-1,-1.00842392782375,-1.00656295046997
21.34,-1,-1.00783909405342,-1.00616071272825
21.35,-1,-1.00748706405409,-1.00571451632961
21.36,-1,-1.00777125028072,-1.00556179628313
21.37,-1,-1.00845701378135,-1.00572683462456
21.38,-1,-1.00892962648962,-1.00594445561026
21.39,-1,-1.00882955350328,-1.00594650681984
21.4,-1,-1.00835906277271,-1.0057378170048
21.41,-1,-1.00806571889579,-1.00556513171726
21.42,-1,-1.0083177210891,-1.00561850507933
21.43,-1,-1.00899237005573,-1.0057596103273
21.44,-1,-1.00960147656375,-1.00564719054818
21.45,-1,-1.00968721522835,-1.00513518977591
21.46,-1,-1.00922651214366,-1.00446350328855
21.47,-1,-1.00866258001045,-1.00404867464048
21.48,-1,-1.00848315958153,-1.00410382884104
21.49,-1,-1.00883283762958,-1.0044788028131
21.5,-1,-1.0094453553269,-1.00482868105279
21.51,-1,-1.00986143353774,-1.0049093200481
21.52,-1,-1.00981720463061,-1.00473674774746
21.53,-1,-1.00945852502093,-1.00451137326668
21.54,-1,-1.00919075203949,-1.00444933231752
21.55,-1,-1.00923959762576,-1.00463415792215
21.56,-1,-1.00942944166344,-1.00497618574292
21.57,-1,-1.00949487365358,-1.00527278191801
21.58,-1,-1.00937803664351,-1.00532361608352
21.59,-1,-1.00917197319601,-1.005133632616
21.6,-1,-1.00896734031394,-1.00494757362918
21.61,-1,-1.00880952025844,-1.00498731404249
21.62,-1,-1.00868957482682,-1.005249289282
21.63,-1,-1.00858819068029,-1.00554045615793
21.64,-1,-1.00853153864024,-1.00564289717877
21.65,-1,-1.00848465740917,-1.0054632275863
21.66,-1,-1.00837145269908,-1.00507621891708
21.67,-1,-1.00818846418161,-1.00467435059105
21.68,-1,-1.00797151138591,-1.00440740347035
21.69,-1,-1.0077420769594,-1.00426884699671
21.7,-1,-1.00753424625,-1.00414494819283
21.71,-1,-1.00741876103433,-1.00392982425649
21.72,-1,-1.00745547979753,-1.00361917091609
21.73,-1,-1.00759806784084,-1.00329254488557
21.74,-1,-1.00764001550825,-1.00303779740059
21.75,-1,-1.00735172731711,-1.00290239651897
21.76,-1,-1.00672836800693,-1.0028403408122
21.77,-1,-1.00605472023898,-1.00274765976122
21.78,-1,-1.00561865096974,-1.00258204576724
21.79,-1,-1.00540583716375,-1.00240492739642
21.8,-1,-1.00514414279941,-1.00230921918676
21.81,-1,-1.00460535101452,-1.00230640013457
21.82,-1,-1.00381652051265,-1.00235905900643
21.83,-1,-1.00304309662863,-1.00246356208147
21.84,-1,-1.00256356478951,-1.00260384603328
21.85,-1,-1.00240259285849,-1.0027557900243
21.86,-1,-1.00229861729384,-1.00290141660755
21.87,-1,-1.00196196945073,-1.002992716599
21.88,-1,-1.00138597580546,-1.00306043534056
21.89,-1,-1.0008532229413,-1.00320196101575
21.9,-1,-1.00060472453605,-1.00343440659146
21.91,-1,-1.0006126586525,-1.00371982184307
21.92,-1,-1.00064534093524,-1.00401573922078
21.93,-1,-1.00052503020858,-1.00426601904859
21.94,-1,-1.00033777711834,-1.00440101093159
21.95,-1,-1.00024590761716,-1.00439383067007
21.96,-1,-1.00029783134784,-1.00433236485742
21.97,-1,-1.00045592145232,-1.00434904147871
21.98,-1,-1.00063923371203,-1.00451300204091
21.99,-1,-1.00082154500869,-1.00480920896065
22,-1,-1.00104344134407,-1.00514155974406
22.01,-1,-1.00128048183294,-1.00539278458636
22.02,-1,-1.00142207768873,-1.00554508505662
22.03,-1,-1.00145649375307,-1.00567892040436
22.04,-1,-1.0015279078228,-1.00582427852801
22.05,-1,-1.00175343366358,-1.00592201186038
22.06,-1,-1.00210570233552,-1.00594471416485
22.07,-1,-1.00249634295637,-1.00598884076742
22.08,-1,-1.00289007251063,-1.00620493196049
22.09,-1,-1.00329200406641,-1.00659458521731
22.1,-1,-1.00366668780879,-1.00697225445362
22.11,-1,-1.00400924885557,-1.00717088028775
22.12,-1,-1.00440670558246,-1.00716526254668
22.13,-1,-1.00486257994958,-1.00705551490102
22.14,-1,-1.00526044937079,-1.00699240194936
22.15,-1,-1.00555595648416,-1.00710025365694
22.16,-1,-1.0058489941675,-1.00739515787902
22.17,-1,-1.00624400884423,-1.00772001697028
22.18,-1,-1.00669203400604,-1.00782780682992
22.19,-1,-1.00708864747037,-1.00761207226893
22.2,-1,-1.00743389468395,-1.00723664777385
22.21,-1,-1.00776911539429,-1.00701174048407
22.22,-1,-1.00809890969897,-1.00715444852246
22.23,-1,-1.00840527376244,-1.00758956018977
22.24,-1,-1.00867719097235,-1.00800443892339
22.25,-1,-1.008885820311,-1.00817479366235
22.26,-1,-1.00895892042904,-1.00816582963562
22.27,-1,-1.00887220236607,-1.0082255134607
22.28,-1,-1.00870568615335,-1.00850880692876
22.29,-1,-1.00857374776427,-1.00892829679421
22.3,-1,-1.00851263962382,-1.0092896985234
22.31,-1,-1.00848767339779,-1.00947356925626
22.32,-1,-1.00853631939903,-1.00953536490552
22.33,-1,-1.0087356387962,-1.00961926440523
22.34,-1,-1.00904444441906,-1.00980567686215
22.35,-1,-1.00933303967227,-1.01008490199393
22.36,-1,-1.00946169726983,-1.01039952300212
22.37,-1,-1.00942002704394,-1.01064045552084
22.38,-1,-1.00942754652526,-1.01065469102381
22.39,-1,-1.00964711184925,-1.01039322336342
22.4,-1,-1.00992132013668,-1.01000127938048
22.41,-1,-1.00998305454528,-1.00973939046629
22.42,-1,-1.0097826222558,-1.00978352991802
22.43,-1,-1.00953727471543,-1.01003169260498
22.44,-1,-1.00947203755119,-1.01021711858323
22.45,-1,-1.00956801910129,-1.0101914032463
22.46,-1,-1.00959042271032,-1.01004826505931
22.47,-1,-1.00931426120717,-1.01000648612735
22.48,-1,-1.00873373691742,-1.01018726034345
22.49,-1,-1.00806939120213,-1.01047884639054
22.5,-1,-1.0075936590251,-1.01058982053775
22.51,-1,-1.00741279128119,-1.01031315655262
22.52,-1,-1.00736835457323,-1.00977874058557
22.53,-1,-1.00717452391477,-1.00932327887086
22.54,-1,-1.00669568749499,-1.00911620768712
22.55,-1,-1.00609416184459,-1.00901306839905
22.56,-1,-1.00568900017634,-1.00875804716791
22.57,-1,-1.00563050354444,-1.00830948951019
22.58,-1,-1.00572456904084,-1.00786966337858
22.59,-1,-1.00565384689106,-1.00766807811906
22.6,-1,-1.00534370777444,-1.00777634311443
22.61,-1,-1.00498261120845,-1.0080123921364
22.62,-1,-1.00476778086213,-1.00811908479118
22.63,-1,-1.0047620268827,-1.00803631621385
22.64,-1,-1.00487672330286,-1.00791078554096
22.65,-1,-1.00498548718747,-1.00790567693641
22.66,-1,-1.00502409801107,-1.00804875434065
22.67,-1,-1.00500063902841,-1.00821046393004
22.68,-1,-1.00501898450601,-1.00822229203336
22.69,-1,-1.00515109730885,-1.00802596599585
22.7,-1,-1.00530787126929,-1.00771178515497
22.71,-1,-1.00529870599936,-1.00749974675656
22.72,-1,-1.00500890019077,-1.00756164239417
22.73,-1,-1.00454532526433,-1.00779239496362
22.74,-1,-1.00412849150757,-1.00789232531588
22.75,-1,-1.00385504581863,-1.0076960045357
22.76,-1,-1.00361691327974,-1.00734688326462
22.77,-1,-1.00323973150366,-1.00714295266293
22.78,-1,-1.00268438355234,-1.00727393143478
22.79,-1,-1.00208698688276,-1.00759858693534
22.8,-1,-1.00162202907175,-1.00773833486334
22.81,-1,-1.00132902529387,-1.00747448336133
22.82,-1,-1.00104476779661,-1.00694323641719
22.83,-1,-1.00052127243688,-1.00647562980557
22.84,-1,-0.999707042311444,-1.00632472374699
22.85,-1,-0.998878116965162,-1.00651468735333
22.86,-1,-0.998362188758938,-1.00687701163036
22.87,-1,-0.998211449140268,-1.00721152639124
22.88,-1,-0.998190046347495,-1.00739192830262
22.89,-1,-0.998072226985494,-1.00736734881847
22.9,-1,-0.997917885354708,-1.00718701070127
22.91,-1,-0.997993221908626,-1.00700408121194
22.92,-1,-0.998479125471553,-1.00689270456797
22.93,-1,-0.999307286669446,-1.00671922859725
22.94,-1,-1.00020754847792,-1.0063321697604
22.95,-1,-1.0009104979821,-1.00579955302347
22.96,-1,-1.00138427328811,-1.00539223430669
22.97,-1,-1.00185385027656,-1.00528828893098
22.98,-1,-1.00261160812242,-1.00542118170691
22.99,-1,-1.00375138865458,-1.00561636772093
23,-1,-1.00505759673086,-1.00566268651301
23.01,-1,-1.00621199140555,-1.00540501490937
23.02,-1,-1.00705889748409,-1.00497539436649
23.03,-1,-1.00768394643064,-1.00475122316961
23.04,-1,-1.00831353461837,-1.00495302946856
23.05,-1,-1.00910959895647,-1.00540749017216
23.06,-1,-1.01001082932897,-1.00574714327404
23.07,-1,-1.01079624137947,-1.00576561324285
23.08,-1,-1.01130049071586,-1.00561399201568
23.09,-1,-1.01154529823932,-1.00561863422561
23.1,-1,-1.01170160012244,-1.00586107156454
23.11,-1,-1.01198886455586,-1.00610098645358
23.12,-1,-1.01253112697924,-1.00610025587179
23.13,-1,-1.01319667052943,-1.0058446723935
23.14,-1,-1.01368860559277,-1.00549950467338
23.15,-1,-1.01384651464819,-1.00524365946462
23.16,-1,-1.01381528991151,-1.0051524513514
23.17,-1,-1.01392365878515,-1.0051627479735
23.18,-1,-1.01437060677619,-1.00516570194368
23.19,-1,-1.01503245190969,-1.00513446104043
23.2,-1,-1.01559446911886,-1.00509783204204
23.21,-1,-1.01581583032223,-1.00511605978432
23.22,-1,-1.01570992085835,-1.00520756713722
23.23,-1,-1.01554490920214,-1.00526919372553
23.24,-1,-1.0156282095651,-1.00526490760366
23.25,-1,-1.01600585882428,-1.00531412912302
23.26,-1,-1.016390230179,-1.00552768217256
23.27,-1,-1.01647838605112,-1.00585527345977
23.28,-1,-1.01631382617357,-1.00613484010398
23.29,-1,-1.01621282171113,-1.00630390008342
23.3,-1,-1.01639441269763,-1.00646756971555
23.31,-1,-1.01675784551111,-1.00676942685712
23.32,-1,-1.01701646338019,-1.00720816919657
23.33,-1,-1.01702516103001,-1.00758453316067
23.34,-1,-1.01687942421441,-1.00769573841172
23.35,-1,-1.01677087609891,-1.00757975973173
23.36,-1,-1.01682083050771,-1.00747043582602
23.37,-1,-1.01695225693778,-1.0075229647658
23.38,-1,-1.01694751719932,-1.00767734084278
23.39,-1,-1.01668076322201,-1.00778126542424
23.4,-1,-1.01626413556639,-1.00783273639069
23.41,-1,-1.01590297256492,-1.00792263370746
23.42,-1,-1.01562829277385,-1.00800098090819
23.43,-1,-1.01531891873903,-1.00791190429116
23.44,-1,-1.01489682342826,-1.00757358918687
23.45,-1,-1.01439185375022,-1.00710890983993
23.46,-1,-1.01391114697272,-1.006738634527
23.47,-1,-1.01352429304535,-1.00655381995151
23.48,-1,-1.01311983687567,-1.00647415880329
23.49,-1,-1.01251789293632,-1.00639346459371
23.5,-1,-1.01177324569447,-1.00631255737845
23.51,-1,-1.01116839336971,-1.00621268722052
23.52,-1,-1.01090524886206,-1.00600651840044
23.53,-1,-1.01088594654559,-1.00567949440384
23.54,-1,-1.01078578357604,-1.00525680707718
23.55,-1,-1.01037390431543,-1.00476958741953
23.56,-1,-1.00972643721071,-1.0042855734571
23.57,-1,-1.00920819717697,-1.0038599416617
23.58,-1,-1.00916350217623,-1.00350475350668
23.59,-1,-1.00957299248788,-1.0032261444668
23.6,-1,-1.0100860227385,-1.00303700114578
23.61,-1,-1.01032973776807,-1.00294903361254
23.62,-1,-1.01020939878784,-1.00292431453494
23.63,-1,-1.00990059908332,-1.0028697681104
23.64,-1,-1.0096396470727,-1.00276333079389
23.65,-1,-1.00954140634745,-1.0026775092213
23.66,-1,-1.00952889512144,-1.00269872173568
23.67,-1,-1.00942374179424,-1.00286995367589
23.68,-1,-1.0091548207604,-1.00313852683619
23.69,-1,-1.00884321527501,-1.00339152775174
23.7,-1,-1.00864123107919,-1.00355725262498
23.71,-1,-1.00856368759709,-1.00368222700211
23.72,-1,-1.00852476541913,-1.0038725748889
23.73,-1,-1.00846711887098,-1.00419080433914
23.74,-1,-1.00839177119036,-1.004618018959
23.75,-1,-1.00830630164871,-1.00498928770669
23.76,-1,-1.00818117302843,-1.00511600689065
23.77,-1,-1.00801161752858,-1.00504420964601
23.78,-1,-1.00784020157968,-1.00506309819907
23.79,-1,-1.00771479165401,-1.00538082639744
23.8,-1,-1.00771413870869,-1.00582284877732
23.81,-1,-1.00785238585685,-1.00596140422629
23.82,-1,-1.00799361068722,-1.00558185649202
23.83,-1,-1.00799986680969,-1.00500610988253
23.84,-1,-1.00787559897157,-1.00481014702412
23.85,-1,-1.0077862770726,-1.00521903270367
23.86,-1,-1.00791107797656,-1.00589475556852
23.87,-1,-1.00822287596197,-1.00629111611187
23.88,-1,-1.00850677189256,-1.00615183765582
23.89,-1,-1.00859202673112,-1.00568613094687
23.9,-1,-1.00848967547893,-1.00533698313083
23.91,-1,-1.00836077605523,-1.00540145841574
23.92,-1,-1.00837604616011,-1.00582227239023
23.93,-1,-1.00856172724728,-1.00627505130161
23.94,-1,-1.00880587105318,-1.00646132048621
23.95,-1,-1.00898826845349,-1.00633802834159
23.96,-1,-1.00910624583028,-1.00610107007939
23.97,-1,-1.00925927456229,-1.00601721558306
23.98,-1,-1.00946518822298,-1.00615267549571
23.99,-1,-1.00962434471794,-1.00627875007379
24,-1,-1.00965815587846,-1.00612566077589
24.01,-1,-1.00961592995535,-1.00570799766433
24.02,-1,-1.00962828788601,-1.00527724739638
24.03,-1,-1.00972318974178,-1.00495484428052
24.04,-1,-1.0098070814745,-1.00460703451214
24.05,-1,-1.00979774831714,-1.00406778553418
24.06,-1,-1.00970011075939,-1.00331777538783
24.07,-1,-1.00957763664591,-1.00249938634961
24.08,-1,-1.00950152652975,-1.00185039910026
24.09,-1,-1.00952507040867,-1.00148886975434
24.1,-1,-1.00961470750114,-1.00133508670001
24.11,-1,-1.00964798497535,-1.00124723562734
24.12,-1,-1.00951963812595,-1.00109419173355
24.13,-1,-1.00928684282618,-1.00082651770033
24.14,-1,-1.00916394027322,-1.00055960814214
24.15,-1,-1.00928352712988,-1.00047152669957
24.16,-1,-1.00954060677708,-1.00059325656362
24.17,-1,-1.00968910854404,-1.00075102458034
24.18,-1,-1.00959373163906,-1.00077252931984
24.19,-1,-1.0093666849383,-1.00069400499592
24.2,-1,-1.00926329527956,-1.00068198771084
24.21,-1,-1.00942162492224,-1.00080110622727
24.22,-1,-1.00967307898102,-1.00095125474308
24.23,-1,-1.00972740281922,-1.00099095009289
24.24,-1,-1.00950088338963,-1.00083951906573
24.25,-1,-1.00920977129027,-1.00056762391726
24.26,-1,-1.00914802388547,-1.00038652155135
24.27,-1,-1.00939425058003,-1.00045999171803
24.28,-1,-1.00975445684827,-1.00075760263959
24.29,-1,-1.00991713041642,-1.00109708607578
24.3,-1,-1.00971626577145,-1.00128699865171
24.31,-1,-1.00930501873131,-1.00126454094065
24.32,-1,-1.00905695449181,-1.0012027971986
24.33,-1,-1.00924159133322,-1.00137381225361
24.34,-1,-1.00976873690132,-1.0018058335752
24.35,-1,-1.01027326715593,-1.00223768961442
24.36,-1,-1.01046667637694,-1.00249878050421
24.37,-1,-1.01037700522942,-1.00271466452384
24.38,-1,-1.01021605611665,-1.00308211222242
24.39,-1,-1.01015868077631,-1.00364534804369
24.4,-1,-1.01020575250212,-1.00427466397481
24.41,-1,-1.0101793299868,-1.00475338892208
24.42,-1,-1.00996100754765,-1.00498547856227
24.43,-1,-1.00965761120846,-1.0051411569871
24.44,-1,-1.00948252753326,-1.00547087085511
24.45,-1,-1.00954750185664,-1.00603357986307
24.46,-1,-1.00975634555247,-1.00664201176233
24.47,-1,-1.00987784350664,-1.00706685025207
24.48,-1,-1.00975874189684,-1.00724550900346
24.49,-1,-1.00944552628087,-1.0072707574941
24.5,-1,-1.00907667210058,-1.00727272632635
24.51,-1,-1.008778821915,-1.00734804864506
24.52,-1,-1.00863359406435,-1.00749611731223
24.53,-1,-1.00861148547972,-1.00762498141664
24.54,-1,-1.00856149500286,-1.00768414986735
24.55,-1,-1.00837035290955,-1.00771343449868
24.56,-1,-1.00811471349152,-1.00775237194979
24.57,-1,-1.0079767698232,-1.00777838928855
24.58,-1,-1.00802970363198,-1.00774303247013
24.59,-1,-1.00818378392497,-1.00761472156617
24.6,-1,-1.00830743038695,-1.00737534308512
24.61,-1,-1.00829373447284,-1.00706774820185
24.62,-1,-1.00811837368136,-1.00683704037079
24.63,-1,-1.00791249544965,-1.00682069422112
24.64,-1,-1.00787009148794,-1.00697802119743
24.65,-1,-1.00802280434028,-1.00707044712795
24.66,-1,-1.00817168391399,-1.00691958121724
24.67,-1,-1.00809142291308,-1.00665200596869
24.68,-1,-1.00778463982058,-1.00659451515725
24.69,-1,-1.00744854350323,-1.00691860412801
24.7,-1,-1.00720857362861,-1.00743914482188
24.71,-1,-1.00699554261442,-1.00782685874295
24.72,-1,-1.00667530753068,-1.00796274100914
24.73,-1,-1.00621865422243,-1.00795382800723
24.74,-1,-1.00575819882392,-1.00795099416799
24.75,-1,-1.00545845040468,-1.008068189181
24.76,-1,-1.00533659070897,-1.00829516759822
24.77,-1,-1.00529517355286,-1.00848499465332
24.78,-1,-1.00525623413268,-1.00851033677602
24.79,-1,-1.00519788682964,-1.00839011542419
24.8,-1,-1.00516663940814,-1.00824326723501
24.81,-1,-1.00525705225839,-1.00817824176204
24.82,-1,-1.0054971096602,-1.0081956491408
24.83,-1,-1.00577639800466,-1.00815380870058
24.84,-1,-1.00596257760301,-1.00789135757983
24.85,-1,-1.00606541389128,-1.00739534256372
24.86,-1,-1.00625171799728,-1.00681714128988
24.87,-1,-1.00666962622725,-1.00634202411894
24.88,-1,-1.00724254618659,-1.00607264273831
24.89,-1,-1.00772689781413,-1.00594208009676
24.9,-1,-1.00792464807882,-1.00574090124406
24.91,-1,-1.00787956976599,-1.00533514786377
24.92,-1,-1.0078640735747,-1.00482108468016
24.93,-1,-1.00812879883205,-1.00441738986536
24.94,-1,-1.00864975244385,-1.00424159217116
24.95,-1,-1.00914515106816,-1.0041909006546
24.96,-1,-1.00936905181083,-1.00401819060266
24.97,-1,-1.00934544969012,-1.00355564972761
24.98,-1,-1.00928805110214,-1.00286021178175
24.99,-1,-1.00936474921205,-1.0021574927329
25,-1,-1.00959946278668,-1.00161176210137
25.01,-1,-1.00990709569772,-1.00120457298536
25.02,-1,-1.01015890369789,-1.00086692725101
25.03,-1,-1.01022414124627,-1.00058082093053
25.04,-1,-1.01005977198375,-1.00034541596039
25.05,-1,-1.00983621785592,-1.00010226473726
25.06,-1,-1.00986179427988,-0.999782032584606
25.07,-1,-1.01022832147483,-0.999399745946928
25.08,-1,-1.01068442683711,-0.999030279237094
25.09,-1,-1.01090858460696,-0.998782820669389
25.1,-1,-1.01077933119538,-0.998737124740953
25.11,-1,-1.01047882836026,-0.998837142647164
25.12,-1,-1.01031861729155,-0.998905607794793
25.13,-1,-1.01038904210583,-0.998795873078685
25.14,-1,-1.01043941842639,-0.998553403530967
25.15,-1,-1.01010757648984,-0.998427379143587
25.16,-1,-1.00929555947344,-0.998614641750741
25.17,-1,-1.0083472435482,-0.998981055237077
25.18,-1,-1.00768421131166,-0.999193877738037
25.19,-1,-1.00735641794638,-0.999106734045583
25.2,-1,-1.00707952500326,-0.998863082605215
25.21,-1,-1.0065635657394,-0.998728452028828
25.22,-1,-1.00579312645069,-0.998871000141044
25.23,-1,-1.00503199500702,-0.999207488884088
25.24,-1,-1.00452064964464,-0.999473142955245
25.25,-1,-1.00422838107563,-0.999428529213957
25.26,-1,-1.00392117284617,-0.999022797814132
25.27,-1,-1.00339046173964,-0.998484142763256
25.28,-1,-1.00260323860346,-0.998159594040023
25.29,-1,-1.00176733781195,-0.998182230794883
25.3,-1,-1.00122264916098,-0.99837292537124
25.31,-1,-1.00110429396573,-0.998448615550292
25.32,-1,-1.00120049443804,-0.998302400024275
25.33,-1,-1.00118247652477,-0.998091456134916
25.34,-1,-1.00087602499581,-0.998064604019985
25.35,-1,-1.00034043468564,-0.998315442146136
25.36,-1,-0.999838480226543,-0.998738445953757
25.37,-1,-0.999639994259661,-0.999128246367032
25.38,-1,-0.999738010777601,-0.999337809473465
25.39,-1,-0.999836453975104,-0.99942077718927
25.4,-1,-0.999646906544964,-0.999542746820791
25.41,-1,-0.999205971849166,-0.999791627945026
25.42,-1,-0.998802497280452,-1.00009905806395
25.43,-1,-0.998618836367609,-1.00033115597894
25.44,-1,-0.998611596929553,-1.0004301760892
25.45,-1,-0.998618101327731,-1.0004385494108
25.46,-1,-0.998527685050574,-1.00044091594438
25.47,-1,-0.99842657466663,-1.00051662133315
25.48,-1,-0.998477140410609,-1.00068804154148
25.49,-1,-0.998741261720335,-1.00095617306631
25.5,-1,-0.999158585231126,-1.00128894288554
25.51,-1,-0.999639895277937,-1.00159427034343
25.52,-1,-1.00017093328026,-1.00180066244579
25.53,-1,-1.00077039948409,-1.00191574652388
25.54,-1,-1.00139379821323,-1.00201120816142
25.55,-1,-1.00196457354709,-1.00215594364041
25.56,-1,-1.00245102581971,-1.0024052016973
25.57,-1,-1.0028533167551,-1.00273771238251
25.58,-1,-1.00321786841014,-1.00301598654543
25.59,-1,-1.00360213024672,-1.00313380803783
25.6,-1,-1.0039988047878,-1.00315316031519
25.61,-1,-1.00435335302004,-1.00323239446973
25.62,-1,-1.00464450051742,-1.00340057684444
25.63,-1,-1.00493859546851,-1.00350106651299
25.64,-1,-1.0052896229506,-1.00341498856542
25.65,-1,-1.00565582715829,-1.00320935231367
25.66,-1,-1.00597875676417,-1.00305613087974
25.67,-1,-1.00623927567001,-1.00307858305867
25.68,-1,-1.00643241521623,-1.00322849774506
25.69,-1,-1.00657112477735,-1.00332848417941
25.7,-1,-1.00669735498282,-1.00325283589368
25.71,-1,-1.00684438149093,-1.00299207583379
25.72,-1,-1.00699544955482,-1.00258902725237
25.73,-1,-1.00712028857696,-1.00214691956692
25.74,-1,-1.00720622398329,-1.00180524221623
25.75,-1,-1.0072240585404,-1.00158677459691
25.76,-1,-1.00718886056139,-1.00140293573192
25.77,-1,-1.00718772225821,-1.00120787322234
25.78,-1,-1.00726954699328,-1.00100721018996
25.79,-1,-1.00740697532319,-1.00080342469412
25.8,-1,-1.00751072345566,-1.00059326980495
25.81,-1,-1.00750341693999,-1.00041320243137
25.82,-1,-1.00741920101168,-1.00033104398999
25.83,-1,-1.00735367869387,-1.0003601308984
25.84,-1,-1.00732893104692,-1.00051246004125
25.85,-1,-1.00728493650144,-1.00085509945335
25.86,-1,-1.0072217862171,-1.00135019423199
25.87,-1,-1.00726580355655,-1.00176129993865
25.88,-1,-1.0075682599484,-1.00180510043317
25.89,-1,-1.00813283728906,-1.00147857583799
25.9,-1,-1.008733813141,-1.00113832936679
25.91,-1,-1.0090458769793,-1.00117378135202
25.92,-1,-1.00891407811243,-1.0016377898567
25.93,-1,-1.008459548728,-1.00218280956918
25.94,-1,-1.00799895184777,-1.00241063520691
25.95,-1,-1.00781514909704,-1.00222317507964
25.96,-1,-1.00788392294201,-1.00187515514436
25.97,-1,-1.00786729799435,-1.00170663105489
25.98,-1,-1.00741454811111,-1.00181807115085
25.99,-1,-1.0065516492918,-1.00210998016732
26,-1,-1.00574320288575,-1.00246153522474
26.01,-1,-1.00544433236507,-1.00280811435671
26.02,-1,-1.00556396178391,-1.00315405324777
26.03,-1,-1.00552798362469,-1.00349859221319
26.04,-1,-1.00493560329936,-1.00377491306083
26.05,-1,-1.00396145335741,-1.00392939219269
26.06,-1,-1.00312697740365,-1.00401731188558
26.07,-1,-1.00280723123273,-1.00408612101226
26.08,-1,-1.00286462687661,-1.00413513487301
26.09,-1,-1.00274575892779,-1.00419483632073
26.1,-1,-1.00203907160103,-1.00426634607133
26.11,-1,-1.00089034868948,-1.00429836350686
26.12,-1,-0.999864533926159,-1.00425460604055
26.13,-1,-0.999409960163168,-1.00417019983465
26.14,-1,-0.999427453745946,-1.00415295452722
26.15,-1,-0.999425364823278,-1.00427834762244
26.16,-1,-0.999054699989586,-1.00445011463388
26.17,-1,-0.998428748685568,-1.00449157748254
26.18,-1,-0.997955484091304,-1.00441177868944
26.19,-1,-0.997933544658469,-1.00439620905672
26.2,-1,-0.998331032550251,-1.00457642137718
26.21,-1,-0.998899999485365,-1.00496751363247
26.22,-1,-0.999399147892474,-1.00547553243403
26.23,-1,-0.999722599891917,-1.00589741862683
26.24,-1,-0.999979884309539,-1.00610633841085
26.25,-1,-1.00044494807453,-1.00616523361501
26.26,-1,-1.00126839405912,-1.00623310492694
26.27,-1,-1.00228995075338,-1.00641146020769
26.28,-1,-1.00315728084668,-1.00663011695627
26.29,-1,-1.00358618285735,-1.00675603269215
26.3,-1,-1.00360464164419,-1.00672640872138
26.31,-1,-1.00355358076937,-1.00657522193459
26.32,-1,-1.00377124879366,-1.00640052203242
26.33,-1,-1.0042837430765,-1.00627052526259
26.34,-1,-1.00483358484101,-1.00617674332446
26.35,-1,-1.00515856458487,-1.00609640605053
26.36,-1,-1.00522204283852,-1.00600879846555
26.37,-1,-1.00517637315057,-1.00589478631138
26.38,-1,-1.00520061299375,-1.00576372658726
26.39,-1,-1.00534389801518,-1.0055774730311
26.4,-1,-1.00550818839919,-1.00523593373936
26.41,-1,-1.00562209140586,-1.00470464868833
26.42,-1,-1.00571467600386,-1.00412895942552
26.43,-1,-1.0058408183997,-1.00371542825281
26.44,-1,-1.00603911543984,-1.0035109136942
26.45,-1,-1.00633274655487,-1.00340362804256
26.46,-1,-1.00670014769704,-1.00323524163748
26.47,-1,-1.00703576013293,-1.00291017899878
26.48,-1,-1.00723979828765,-1.002471456366
26.49,-1,-1.00734595529601,-1.00210364004821
26.5,-1,-1.00749297447189,-1.00201041707308
26.51,-1,-1.0077293367782,-1.00217010076404
26.52,-1,-1.00788116558907,-1.00231687000421
26.53,-1,-1.00774447279787,-1.0021952017615
26.54,-1,-1.00733218617226,-1.00186038347355
26.55,-1,-1.00687256154842,-1.00163171200746
26.56,-1,-1.00659688932315,-1.00169273938043
26.57,-1,-1.00653614091233,-1.00192501212883
26.58,-1,-1.00654328298602,-1.00210479105836
26.59,-1,-1.00648961838059,-1.00212353520985
26.6,-1,-1.00639822252066,-1.0020495196012
26.61,-1,-1.00637489006384,-1.00206632892063
26.62,-1,-1.00649264591902,-1.00229121413597
26.63,-1,-1.00670708345087,-1.00262703603817
26.64,-1,-1.00687798973931,-1.00282390691062
26.65,-1,-1.00689132291076,-1.00270695693916
26.66,-1,-1.0067361908109,-1.00241259930173
26.67,-1,-1.00653081044648,-1.00231026128793
26.68,-1,-1.00645186173046,-1.0025811087244
26.69,-1,-1.00654854760175,-1.00302626598372
26.7,-1,-1.00662828395739,-1.00328551210491
26.71,-1,-1.00650725642485,-1.00320450201723
26.72,-1,-1.00628706035717,-1.00307126171236
26.73,-1,-1.00619750306897,-1.00336242763228
26.74,-1,-1.00629285689004,-1.00422182983058
26.75,-1,-1.0063807772566,-1.00523608615169
26.76,-1,-1.00625915085439,-1.00577461088311
26.77,-1,-1.00597814689672,-1.00562423336368
26.78,-1,-1.00580061217941,-1.00522755878775
26.79,-1,-1.00593329276341,-1.00525716890947
26.8,-1,-1.00629763996736,-1.00595040293723
26.81,-1,-1.0065865688022,-1.00690629020829
26.82,-1,-1.00662125511519,-1.00751783810257
26.83,-1,-1.0065033865597,-1.00751558223552
26.84,-1,-1.00644436967707,-1.00715036977307
26.85,-1,-1.00655457632268,-1.00692790165807
26.86,-1,-1.00672809902477,-1.00716714929973
26.87,-1,-1.00677953883381,-1.00771208644176
26.88,-1,-1.00664728843685,-1.00807451945945
26.89,-1,-1.00639883941686,-1.00793321886184
26.9,-1,-1.00615453886413,-1.00743322250473
26.91,-1,-1.00603093551079,-1.00699813521004
26.92,-1,-1.00600079058741,-1.00691853250642
26.93,-1,-1.00586389102807,-1.00711416432001
26.94,-1,-1.00549015438075,-1.00727347825109
26.95,-1,-1.00497729895497,-1.00720837726155
26.96,-1,-1.00454751622403,-1.00698441044254
26.97,-1,-1.00432638576356,-1.00681152895384
26.98,-1,-1.00424125088581,-1.0068642309854
26.99,-1,-1.00418631327631,-1.00711704173683
27,-1,-1.0041419387316,-1.00734149517055
27.01,-1,-1.00415506224176,-1.00725491202316
27.02,-1,-1.00429232634401,-1.00680534495378
27.03,-1,-1.00456724781888,-1.00637232909274
27.04,-1,-1.00491691565325,-1.0064648618992
27.05,-1,-1.00522418695797,-1.00716089945509
27.06,-1,-1.00538002784906,-1.00802258311908
27.07,-1,-1.00534464417734,-1.00856223871864
27.08,-1,-1.00516099737665,-1.00871138878252
27.09,-1,-1.00492002547068,-1.00879741334192
27.1,-1,-1.00469362814829,-1.00911695063169
27.11,-1,-1.00451447838409,-1.00961535042221
27.12,-1,-1.00438382866098,-1.00996768945511
27.13,-1,-1.00427072004218,-1.00993916787707
27.14,-1,-1.00416281310355,-1.0096373068302
27.15,-1,-1.00413629199378,-1.00936693310017
27.16,-1,-1.00429324584082,-1.00927754609125
27.17,-1,-1.00459693348429,-1.00923174804816
27.18,-1,-1.00489629829655,-1.00901988709329
27.19,-1,-1.0051194925418,-1.00860334439361
27.2,-1,-1.00533301883793,-1.00809136504511
27.21,-1,-1.00563954107038,-1.00763347460347
27.22,-1,-1.0060589966102,-1.00733682592176
27.23,-1,-1.00649679109633,-1.00718083973036
27.24,-1,-1.00689005925677,-1.00706175206056
27.25,-1,-1.00726283862593,-1.00691443931008
27.26,-1,-1.00760459336884,-1.00674667863286
27.27,-1,-1.0079340254392,-1.00658901713774
27.28,-1,-1.0083505724899,-1.00642657836667
27.29,-1,-1.00890115357133,-1.00615416978842
27.3,-1,-1.00953250581214,-1.00563211914551
27.31,-1,-1.01016067543206,-1.00488051097987
27.32,-1,-1.01073113900352,-1.00413918978835
27.33,-1,-1.01121314624324,-1.00364739829971
27.34,-1,-1.01162920328165,-1.00347462737906
27.35,-1,-1.01205523212092,-1.00350196751112
27.36,-1,-1.01254488329017,-1.0035092181265
27.37,-1,-1.01311680517768,-1.00334793586137
27.38,-1,-1.01370696204944,-1.00305549568519
27.39,-1,-1.01418896544462,-1.00280818553768
27.4,-1,-1.01454081172979,-1.00274670876165
27.41,-1,-1.0149175488551,-1.00286733499036
27.42,-1,-1.01546651952367,-1.0030760460969
27.43,-1,-1.01604871890056,-1.00326412126525
27.44,-1,-1.01634451180275,-1.00336468643257
27.45,-1,-1.0162440530121,-1.00342037739435
27.46,-1,-1.01587412165983,-1.00356918751022
27.47,-1,-1.01538473106513,-1.00386983470161
27.48,-1,-1.0149342382161,-1.00420796917033
27.49,-1,-1.01466237380631,-1.00445062955831
27.5,-1,-1.01457030148149,-1.00455981595644
27.51,-1,-1.01444765716399,-1.00456966771418
27.52,-1,-1.01399853774801,-1.00453270566259
27.53,-1,-1.01313974700988,-1.00449475750548
27.54,-1,-1.01214621438432,-1.00451919721356
27.55,-1,-1.01144514376164,-1.00465817495862
27.56,-1,-1.01119302823689,-1.00488345963531
27.57,-1,-1.0111013505391,-1.00507760380043
27.58,-1,-1.01074998726649,-1.00511317652239
27.59,-1,-1.01000791863764,-1.00496212067752
27.6,-1,-1.00912599030944,-1.00469790473692
27.61,-1,-1.00845853903181,-1.00446067921337
27.62,-1,-1.00812491769481,-1.00437743346255
27.63,-1,-1.00791747144028,-1.00442180442858
27.64,-1,-1.00749151937114,-1.00444932553681
27.65,-1,-1.00675746223666,-1.00434530805836
27.66,-1,-1.00602129608074,-1.00409590692799
27.67,-1,-1.00565257313555,-1.00376355117636
27.68,-1,-1.00572715358476,-1.00345807047647
27.69,-1,-1.00594773106823,-1.00328758980193
27.7,-1,-1.0059046067554,-1.00325478758938
27.71,-1,-1.00546800657447,-1.00327232003468
27.72,-1,-1.00494357001345,-1.0032945184868
27.73,-1,-1.00476471149209,-1.00339139281474
27.74,-1,-1.00502241560215,-1.00368649343966
27.75,-1,-1.00538288571848,-1.00416309003444
27.76,-1,-1.00543932308464,-1.00465347869527
27.77,-1,-1.00510867676916,-1.0050437386085
27.78,-1,-1.00471479861641,-1.00536489840723
27.79,-1,-1.00463578740065,-1.00572162025649
27.8,-1,-1.00487902532979,-1.00619389993103
27.81,-1,-1.00511074570373,-1.00675650999836
27.82,-1,-1.00503794479938,-1.0072255329419
27.83,-1,-1.00470577131466,-1.0074250587769
27.84,-1,-1.00441063441413,-1.00741060583612
27.85,-1,-1.00437233018621,-1.00740839077072
27.86,-1,-1.00451977320877,-1.00762931819833
27.87,-1,-1.00460925370593,-1.00807008892489
27.88,-1,-1.004493513564,-1.00846186641765
27.89,-1,-1.00422826284905,-1.00857069473708
27.9,-1,-1.00397027678766,-1.00849258439779
27.91,-1,-1.00381498820598,-1.00854602618047
27.92,-1,-1.00378245463546,-1.00888039549052
27.93,-1,-1.00385972718634,-1.00928118909961
27.94,-1,-1.00397265187352,-1.00942073413239
27.95,-1,-1.0040275929368,-1.00926156325476
27.96,-1,-1.00402636595529,-1.00907904892058
27.97,-1,-1.00410712435366,-1.00914346969587
27.98,-1,-1.00439113037198,-1.00946392763829
27.99,-1,-1.00479357311567,-1.00983416928162
28,-1,-1.00505671780639,-1.01006989866785
28.01,-1,-1.00498614287216,-1.01013891945057
28.02,-1,-1.00467320264187,-1.01016634750573
28.03,-1,-1.00438567150712,-1.01034268748179
28.04,-1,-1.0042903623131,-1.01069820469487
28.05,-1,-1.00436141755008,-1.01099501856673
28.06,-1,-1.00447837838256,-1.01097583737086
28.07,-1,-1.00457268331712,-1.01068675999151
28.08,-1,-1.00471365894793,-1.01043055251647
28.09,-1,-1.00499828540461,-1.01042429234676
28.1,-1,-1.00534889667068,-1.01063783418961
28.11,-1,-1.00558216825133,-1.01088240579184
28.12,-1,-1.00560354072643,-1.01098684291313
28.13,-1,-1.00544879855404,-1.01092174005045
28.14,-1,-1.0052656071174,-1.01075978027243
28.15,-1,-1.00526126189659,-1.01057446509457
28.16,-1,-1.00548160547756,-1.01037487041072
28.17,-1,-1.0056920167468,-1.01013395386348
28.18,-1,-1.00563406352,-1.00984528684354
28.19,-1,-1.00531350318738,-1.00951141517445
28.2,-1,-1.00495960565712,-1.00913795395606
28.21,-1,-1.00472641628933,-1.00875996722108
28.22,-1,-1.00452298662605,-1.00840113276543
28.23,-1,-1.0041287227635,-1.00802694152818
28.24,-1,-1.00344726958003,-1.00761103606717
28.25,-1,-1.0026279934679,-1.00716344063389
28.26,-1,-1.00194807038949,-1.00667023282226
28.27,-1,-1.00156490968805,-1.00608353012438
28.28,-1,-1.00135067800651,-1.00538391446461
28.29,-1,-1.00102750261908,-1.00462299822905
28.3,-1,-1.00050261138012,-1.00390862593321
28.31,-1,-1.00001003265202,-1.00329663918522
28.32,-1,-0.99984156385564,-1.00273357885555
28.33,-1,-1.0000008048061,-1.00218167088325
28.34,-1,-1.00020696393011,-1.00168192968843
28.35,-1,-1.00020737137368,-1.0012415967571
28.36,-1,-1.0000305418837,-1.00078731795432
28.37,-1,-0.999923320447108,-1.0002818613732
28.38,-1,-1.00009158947601,-0.999801127797425
28.39,-1,-1.00053848314332,-0.999468378503765
28.4,-1,-1.00106914483471,-0.999300342912304
28.41,-1,-1.00142935686505,-0.999185345216019
28.42,-1,-1.00149077913985,-0.999020245193925
28.43,-1,-1.00133832432619,-0.998847559931832
28.44,-1,-1.00121959980797,-0.998832886677919
28.45,-1,-1.00137828597166,-0.999058075516631
28.46,-1,-1.00185402828615,-0.999397132974702
28.47,-1,-1.00242894998573,-0.999680251165394
28.48,-1,-1.00282858830631,-0.99989404064896
28.49,-1,-1.00296936461344,-1.00012067021751
28.5,-1,-1.00300913538433,-1.0003867826942
28.51,-1,-1.00314282519371,-1.00060526125846
28.52,-1,-1.00336108798251,-1.00065932634144
28.53,-1,-1.00346278530306,-1.0006050828813
28.54,-1,-1.00327663400244,-1.00068712401529
28.55,-1,-1.00281323939487,-1.00104869220483
28.56,-1,-1.00225937363732,-1.00155553845755
28.57,-1,-1.00183711641317,-1.00193806943993
28.58,-1,-1.00160683549054,-1.00203903305717
28.59,-1,-1.00148248125982,-1.00199241001377
28.6,-1,-1.00135557911436,-1.00216104593422
28.61,-1,-1.00117737253376,-1.00274347212203
28.62,-1,-1.00100692125758,-1.00351451432375
28.63,-1,-1.00091341747516,-1.00413334925403
28.64,-1,-1.00087237683146,-1.00451635920567
28.65,-1,-1.00081147215692,-1.00483016021525
28.66,-1,-1.00071217046313,-1.00530436946574
28.67,-1,-1.00065022450235,-1.0060079700281
28.68,-1,-1.00070706877443,-1.00676761198157
28.69,-1,-1.00088582070785,-1.00735997385496
28.7,-1,-1.00114956439407,-1.00771931636944
28.71,-1,-1.00147119439038,-1.00796083338757
28.72,-1,-1.00182932504307,-1.00824139385268
28.73,-1,-1.00220641935961,-1.00856658438038
28.74,-1,-1.002589119177,-1.00877489626413
28.75,-1,-1.00297014881817,-1.00874568867563
28.76,-1,-1.00336057084489,-1.00856687442228
28.77,-1,-1.00374897678349,-1.00848438464206
28.78,-1,-1.00416662871509,-1.00858953032335
28.79,-1,-1.00477409282642,-1.0086581348311
28.8,-1,-1.00564137170551,-1.00847982525402
28.81,-1,-1.00660098591073,-1.00810484039441
28.82,-1,-1.00743143403641,-1.00773545273781
28.83,-1,-1.00803488030285,-1.00751794477731
28.84,-1,-1.00847519853475,-1.00738138696402
28.85,-1,-1.00886343300511,-1.00711002891688
28.86,-1,-1.0092486326185,-1.00662153571294
28.87,-1,-1.00960140377835,-1.00608939261903
28.88,-1,-1.00986008334848,-1.00572328114306
28.89,-1,-1.01001350149489,-1.0055425115427
28.9,-1,-1.01013396840389,-1.00537041974046
28.91,-1,-1.01028580533905,-1.00499661639973
28.92,-1,-1.01042835544692,-1.00437393331571
28.93,-1,-1.01049989980884,-1.00363244421177
28.94,-1,-1.01054294053658,-1.00296978500197
28.95,-1,-1.0106562985307,-1.00249339832381
28.96,-1,-1.01085781183203,-1.00212679352888
28.97,-1,-1.01102927126955,-1.0016863033617
28.98,-1,-1.01100998859273,-1.00102426838417
28.99,-1,-1.01078552956042,-1.00019092259132
29,-1,-1.01051553515834,-0.99942221665845
29.01,-1,-1.01033685607158,-0.998933770913485
29.02,-1,-1.01021749318089,-0.998783934664807
29.03,-1,-1.01005417701011,-0.998832782356088
29.04,-1,-1.0098554303939,-0.998853504275412
29.05,-1,-1.00972486304105,-0.998721436667006
29.06,-1,-1.00968384985257,-0.998506017994444
29.07,-1,-1.00961796390216,-0.998436457995413
29.08,-1,-1.00937993859009,-0.998704981713462
29.09,-1,-1.0088892462467,-0.999234883727823
29.1,-1,-1.00822001805037,-0.999676158319472
29.11,-1,-1.00755672995733,-0.999728683618583
29.12,-1,-1.00705021949672,-0.999495954667071
29.13,-1,-1.00669416951708,-0.999391279493717
29.14,-1,-1.00632680391784,-0.999660929726255
29.15,-1,-1.00587071016333,-1.00015312667764
29.16,-1,-1.00542506410111,-1.00053038157987
29.17,-1,-1.00513333362475,-1.00055806646632
29.18,-1,-1.00504248195389,-1.00033550995047
29.19,-1,-1.00499270094441,-1.00025910086004
29.2,-1,-1.00474907737062,-1.00060108437292
29.21,-1,-1.0042782315351,-1.00123070587036
29.22,-1,-1.00375312506525,-1.00177899462782
29.23,-1,-1.00334044456637,-1.00195817169429
29.24,-1,-1.00301695505218,-1.00177049259941
29.25,-1,-1.00259860917312,-1.00149216964091
29.26,-1,-1.00202444592499,-1.00147512982217
29.27,-1,-1.00147626746322,-1.00182132402324
29.28,-1,-1.00118741024665,-1.00227188805847
29.29,-1,-1.0012031624317,-1.00250202644595
29.3,-1,-1.00132739305365,-1.00245452455349
29.31,-1,-1.00130479188921,-1.00235256014029
29.32,-1,-1.0010609911806,-1.00242848837151
29.33,-1,-1.00077615457492,-1.00271553116776
29.34,-1,-1.00069982104599,-1.00303691511161
29.35,-1,-1.00087054289055,-1.00315752286206
29.36,-1,-1.00104961146223,-1.0030257868505
29.37,-1,-1.00101196530282,-1.00284613073049
29.38,-1,-1.00081090949155,-1.0028199945118
29.39,-1,-1.00065680924679,-1.00291360077624
29.4,-1,-1.00065290303335,-1.00295452592835
29.41,-1,-1.00074273321538,-1.00288547072316
29.42,-1,-1.00081392553397,-1.00279827685162
29.43,-1,-1.00076726587874,-1.00277592972773
29.44,-1,-1.00058012243866,-1.00281081856006
29.45,-1,-1.00033486795989,-1.00280588853691
29.46,-1,-1.000139150216,-1.00269463160728
29.47,-1,-1.00003067903705,-1.00254770004541
29.48,-1,-0.999922433517522,-1.00247699267673
29.49,-1,-0.999677633672449,-1.00250174222078
29.5,-1,-0.999317786364785,-1.00250945698739
29.51,-1,-0.998991510556098,-1.00234071684169
29.52,-1,-0.998813596082638,-1.00202602132572
29.53,-1,-0.998775633788065,-1.00185422264763
29.54,-1,-0.998691362924301,-1.002070168184
29.55,-1,-0.998395746477707,-1.00257290532172
29.56,-1,-0.998016040841448,-1.00299152521689
29.57,-1,-0.997876743720325,-1.00300796542232
29.58,-1,-0.998097144271671,-1.00266500299278
29.59,-1,-0.998411327400223,-1.00238759404014
29.6,-1,-0.99848783819821,-1.00256699864226
29.61,-1,-0.998317270560424,-1.00313180005338
29.62,-1,-0.998141697917284,-1.0036356025529
29.63,-1,-0.998180486148428,-1.00375431171692
29.64,-1,-0.998459984553156,-1.00365469365163
29.65,-1,-0.998762358647259,-1.00379832704479
29.66,-1,-0.998828868399268,-1.00439352986447
29.67,-1,-0.998646892660216,-1.00520081511332
29.68,-1,-0.998468352204829,-1.00580158586686
29.69,-1,-0.998525154756869,-1.00597827758488
29.7,-1,-0.99878544456496,-1.0059242838971
29.71,-1,-0.999019777714771,-1.00604309363418
29.72,-1,-0.999034064937855,-1.0065135292331
29.73,-1,-0.998865464138538,-1.00710360062629
29.74,-1,-0.998788506870651,-1.00743387152145
29.75,-1,-0.998986677999234,-1.00737810970814
29.76,-1,-0.999313422810762,-1.00717853344784
29.77,-1,-0.999490001369869,-1.00720582653795
29.78,-1,-0.999470922021482,-1.00755681418136
29.79,-1,-0.999507198389332,-1.00793193262977
29.8,-1,-0.999858726269723,-1.00795851795559
29.81,-1,-1.00049975368322,-1.00755696674484
29.82,-1,-1.00109095244818,-1.00699651560027
29.83,-1,-1.00131796826825,-1.0066079744903
29.84,-1,-1.00122623957821,-1.00642897653189
29.85,-1,-1.00116443576855,-1.0062363623637
29.86,-1,-1.00145174323472,-1.00586532709612
29.87,-1,-1.00208025400972,-1.00537812035903
29.88,-1,-1.00272076141722,-1.00498060856694
29.89,-1,-1.0030445342735,-1.00480386929864
29.9,-1,-1.00302818454343,-1.00477238318638
29.91,-1,-1.00300584969018,-1.00466431587515
29.92,-1,-1.00334498878334,-1.00426864616813
29.93,-1,-1.00401493252936,-1.00356046602629
29.94,-1,-1.00459959614298,-1.00277266829978
29.95,-1,-1.00475580028788,-1.00220321034451
29.96,-1,-1.00455142505241,-1.00193473134432
29.97,-1,-1.00434345716503,-1.00183496039242
29.98,-1,-1.00448691664818,-1.00177657796761
29.99,-1,-1.00504885595077,-1.00175862660955
30,-1,-1.00569831406319,-1.00183099915747
30.01,-1,-1.00601643653409,-1.00198418477655
30.02,-1,-1.00590583561046,-1.00212471737856
30.03,-1,-1.00568876877071,-1.00213892931777
30.04,-1,-1.00581005660136,-1.0020180485052
30.05,-1,-1.0063927855772,-1.00194051662401
30.06,-1,-1.00710697005641,-1.00213884984571
30.07,-1,-1.00748518686304,-1.00270120523921
30.08,-1,-1.00736983773709,-1.00346796566018
30.09,-1,-1.0070611193475,-1.0040920697437
30.1,-1,-1.00696240232197,-1.00434693697409
30.11,-1,-1.00712767997269,-1.00432551444492
30.12,-1,-1.00729586290886,-1.00429040366467
30.13,-1,-1.00729451442889,-1.00442718636226
30.14,-1,-1.00719008282208,-1.00476020193877
30.15,-1,-1.00711146979149,-1.00516307078097
30.16,-1,-1.00713079264343,-1.00551885180882
30.17,-1,-1.00720006089068,-1.0058422462325
30.18,-1,-1.00711888478596,-1.00617382372866
30.19,-1,-1.00677901351145,-1.00650966660061
30.2,-1,-1.00638670182019,-1.00682708912057
30.21,-1,-1.00621052133797,-1.00707932496203
30.22,-1,-1.00625686562314,-1.00720469481303
30.23,-1,-1.00633276803441,-1.00724184820522
30.24,-1,-1.00627347613974,-1.00733862288434
30.25,-1,-1.00604694542397,-1.00759884384812
30.26,-1,-1.00572959914537,-1.00796448524701
30.27,-1,-1.00542204667128,-1.00826956730621
30.28,-1,-1.00514799021269,-1.00843099543423
30.29,-1,-1.00483210678624,-1.00851903861985
30.3,-1,-1.00438079578687,-1.00865446857489
30.31,-1,-1.00379736640984,-1.00891257527409
30.32,-1,-1.00317881543818,-1.00929561695156
30.33,-1,-1.00258485123515,-1.00974308644797
30.34,-1,-1.0019850506168,-1.01016217016688
30.35,-1,-1.00130254378265,-1.01042632425286
30.36,-1,-1.00050208674119,-1.01048978701279
30.37,-1,-0.999634768487265,-1.01052359403439
30.38,-1,-0.998815746296396,-1.01073938951356
30.39,-1,-0.998161150757105,-1.01113675779005
30.4,-1,-0.997683337672468,-1.01149280907425
30.41,-1,-0.997240346677568,-1.01157981420255
30.42,-1,-0.996650391944899,-1.01139764856508
30.43,-1,-0.995899699196903,-1.01117442497428
30.44,-1,-0.995206740365328,-1.01116342544124
30.45,-1,-0.994809038921225,-1.01143801743578
30.46,-1,-0.994728049678627,-1.01188853938964
30.47,-1,-0.994773306516205,-1.01227746447976
30.48,-1,-0.99470004075098,-1.01230199286168
30.49,-1,-0.994398202529914,-1.01184909856252
30.5,-1,-0.993988669562703,-1.01116828122943
30.51,-1,-0.993706045547833,-1.01067253238491
30.52,-1,-0.993702215414147,-1.01053178147949
30.53,-1,-0.993922775690616,-1.01046185803389
30.54,-1,-0.994173757813341,-1.00999902326801
30.55,-1,-0.994312313377484,-1.00902501075954
30.56,-1,-0.994336939425445,-1.00794003640978
30.57,-1,-0.994391050028841,-1.00729170923791
30.58,-1,-0.994635734065253,-1.00722875763336
30.59,-1,-0.99502555539204,-1.00738510501532
30.6,-1,-0.995318114399752,-1.00730754762781
30.61,-1,-0.995369974546851,-1.00686069474987
30.62,-1,-0.995308601853451,-1.00630796939343
30.63,-1,-0.995385479710939,-1.00605060711863
30.64,-1,-0.995720098669762,-1.00621220510757
30.65,-1,-0.996185652102577,-1.0065292872452
30.66,-1,-0.996589426392504,-1.00663088290615
30.67,-1,-0.996878802933131,-1.00640473280123
30.68,-1,-0.997157218947078,-1.00610211844597
30.69,-1,-0.997638600859389,-1.00607159003644
30.7,-1,-0.998475012612359,-1.00638674702627
30.71,-1,-0.999541076478989,-1.00678973888042
30.72,-1,-1.00055028764949,-1.00701467516493
30.73,-1,-1.0013116561307,-1.00706726358121
30.74,-1,-1.00181667015808,-1.00716506635423
30.75,-1,-1.002257345772,-1.00745508366775
30.76,-1,-1.00288818492739,-1.0078532971179
30.77,-1,-1.00378195718725,-1.00811874445143
30.78,-1,-1.00471466421586,-1.00810198343378
30.79,-1,-1.00531939991346,-1.00792326579501
30.8,-1,-1.00540098410431,-1.00785474773236
30.81,-1,-1.0050821665008,-1.00806880878459
30.82,-1,-1.00469940148276,-1.00847429337091
30.83,-1,-1.00453290088181,-1.00877023254883
30.84,-1,-1.00460166440096,-1.00871029362562
30.85,-1,-1.00471017047659,-1.00832899568643
30.86,-1,-1.00462723808188,-1.00791106724998
30.87,-1,-1.00426664153672,-1.00771491505152
30.88,-1,-1.00380316831564,-1.0077260272189
30.89,-1,-1.00359521766431,-1.0077303551191
30.9,-1,-1.00389016962384,-1.00756649082473
30.91,-1,-1.00455651235483,-1.00728042229424
30.92,-1,-1.00514888312977,-1.007034328791
30.93,-1,-1.00534549781553,-1.00692121418434
30.94,-1,-1.0051967721501,-1.00692695936196
30.95,-1,-1.00496826398988,-1.00695690637365
30.96,-1,-1.00494373184916,-1.00690710294582
30.97,-1,-1.00519685407522,-1.006773309094
30.98,-1,-1.00547317348328,-1.00661923770689
30.99,-1,-1.00542753545035,-1.00645810635526
31,-1,-1.00500481167047,-1.00624005484847
31.01,-1,-1.00454206031834,-1.00597647139925
31.02,-1,-1.00445818304915,-1.00575297067029
31.03,-1,-1.00484867259173,-1.00560410496637
31.04,-1,-1.0053666207841,-1.00548040863749
31.05,-1,-1.00556798215445,-1.00533616902024
31.06,-1,-1.00541239304843,-1.00516565194053
31.07,-1,-1.0052667232284,-1.00495618392314
31.08,-1,-1.00547318850365,-1.0047114680618
31.09,-1,-1.00597505902506,-1.00449996857642
31.1,-1,-1.00634721409772,-1.00438059594196
31.11,-1,-1.00627751330772,-1.00434136084077
31.12,-1,-1.00592492000138,-1.00430984545594
31.13,-1,-1.00572198053185,-1.00416082816608
31.14,-1,-1.00593306726482,-1.00381600964969
31.15,-1,-1.00645011932363,-1.0033810239586
31.16,-1,-1.00695868961062,-1.00309126054431
31.17,-1,-1.00724389956319,-1.00306251788597
31.18,-1,-1.00737340158083,-1.00308785172827
31.19,-1,-1.0076019398477,-1.00279771239914
31.2,-1,-1.00805194503057,-1.00213273785203
31.21,-1,-1.00854268416804,-1.00144863795488
31.22,-1,-1.00877413305759,-1.00107744261256
31.23,-1,-1.008623060458,-1.00101378153049
31.24,-1,-1.00825427883999,-1.00100090659255
31.25,-1,-1.00800287036202,-1.00078962843258
31.26,-1,-1.00803362381308,-1.00038300517237
31.27,-1,-1.00816240687426,-1.00005804001817
31.28,-1,-1.00808149480914,-1.00007092283865
31.29,-1,-1.00766124423131,-1.00033896760473
31.3,-1,-1.007007327244,-1.00049625692839
31.31,-1,-1.00627565481531,-1.00028526814066
31.32,-1,-1.00559612998937,-0.999826634556921
31.33,-1,-1.00507790440888,-0.999491608034493
31.34,-1,-1.00466454425469,-0.999528988685178
31.35,-1,-1.00413397359486,-0.99983321210732
31.36,-1,-1.00336582562987,-1.00007444925854
31.37,-1,-1.00253694087645,-0.999953997795932
31.38,-1,-1.00194982870107,-0.999441156847404
31.39,-1,-1.00166051292807,-0.998838592230197
31.4,-1,-1.00138090346752,-0.998504418431514
31.41,-1,-1.00077790291643,-0.998564796005547
31.42,-1,-0.999881672538903,-0.998874481486869
31.43,-1,-0.999079321683085,-0.999185831064158
31.44,-1,-0.998663299107738,-0.999400244836268
31.45,-1,-0.998547591192437,-0.999617203886972
31.46,-1,-0.998360875715665,-0.999918051465149
31.47,-1,-0.997789823890922,-1.00020433305264
31.48,-1,-0.996887228133954,-1.00032759294739
31.49,-1,-0.996003941829258,-1.00033034793112
31.5,-1,-0.995429537127671,-1.00041340843925
31.51,-1,-0.995169830377906,-1.00068681142217
31.52,-1,-0.995035145172343,-1.00104964421145
31.53,-1,-0.994874097853778,-1.0013439866048
31.54,-1,-0.99471213648393,-1.00152380928845
31.55,-1,-0.994625401240744,-1.00166194840485
31.56,-1,-0.994594991496832,-1.00189948765441
31.57,-1,-0.994563025652798,-1.00229269856652
31.58,-1,-0.994509807677527,-1.00272188741284
31.59,-1,-0.994485442538001,-1.00301719021816
31.6,-1,-0.994563740418478,-1.00313002102725
31.61,-1,-0.99477266831423,-1.00319876836005
31.62,-1,-0.995135055961668,-1.00346010534006
31.63,-1,-0.995649937804893,-1.00406823429704
31.64,-1,-0.996203559287767,-1.00492912855706
31.65,-1,-0.996681938352542,-1.00577302927823
31.66,-1,-0.997146079447486,-1.0064317484037
31.67,-1,-0.997727322155544,-1.00694473919758
31.68,-1,-0.998450956158192,-1.00747418337955
31.69,-1,-0.999252307348013,-1.00817059027578
31.7,-1,-1.0000379991119,-1.00905827010657
31.71,-1,-1.00075513959874,-1.01000210900502
31.72,-1,-1.00147483952382,-1.01079616411319
31.73,-1,-1.00230429012938,-1.01133325706989
31.74,-1,-1.00319668076441,-1.01168150448173
31.75,-1,-1.00397868170498,-1.01198413117383
31.76,-1,-1.00453722057627,-1.01227283767027
31.77,-1,-1.00491764255224,-1.01239134690937
31.78,-1,-1.00523885110559,-1.01220837703731
31.79,-1,-1.00555564172443,-1.01183271284089
31.8,-1,-1.00582809525372,-1.01151221958134
31.81,-1,-1.00599174992295,-1.01139474872215
31.82,-1,-1.00605439706788,-1.01139258397721
31.83,-1,-1.0061046343388,-1.01126162532886
31.84,-1,-1.0062562943405,-1.01086781469923
31.85,-1,-1.00654321010287,-1.01033018667069
31.86,-1,-1.00683150180638,-1.00987821023714
31.87,-1,-1.00695150071957,-1.0095804077423
31.88,-1,-1.00691651590674,-1.00922423721557
31.89,-1,-1.00691745857484,-1.00860312065609
31.9,-1,-1.00711643542875,-1.00777914161614
31.91,-1,-1.00754446427803,-1.00695552934856
31.92,-1,-1.00808788246556,-1.00624906972082
31.93,-1,-1.00851833229383,-1.00565456238155
31.94,-1,-1.00868178115739,-1.00514758738892
31.95,-1,-1.00872710896087,-1.00471978263947
31.96,-1,-1.00899601951787,-1.00434399117995
31.97,-1,-1.00961515698472,-1.0039558828212
31.98,-1,-1.01031386829703,-1.00354791117126
31.99,-1,-1.01069463123003,-1.00318245304431
32,-1,-1.01064605333504,-1.00287473290857
32.01,-1,-1.01045143170262,-1.00257270062901
32.02,-1,-1.01048799453549,-1.00225643608706
32.03,-1,-1.01080058639201,-1.00200628172372
32.04,-1,-1.01103296096227,-1.0018621844135
32.05,-1,-1.01080845392267,-1.00174986319596
32.06,-1,-1.01015012005872,-1.00161075411973
32.07,-1,-1.00949002659939,-1.00144128848145
32.08,-1,-1.00925506269438,-1.00121762679683
32.09,-1,-1.00945327875492,-1.00089496877164
32.1,-1,-1.00965206350611,-1.00043896225799
32.11,-1,-1.00941511968202,-0.999861737324354
32.12,-1,-1.00879073020739,-0.999264693216363
32.13,-1,-1.00822063408178,-0.99877492501411
32.14,-1,-1.00800719913106,-0.998401758540029
32.15,-1,-1.00803579440034,-0.998021176594022
32.16,-1,-1.00795871642817,-0.997526734667439
32.17,-1,-1.00756950075272,-0.996961470475117
32.18,-1,-1.00693371278298,-0.996412167893419
32.19,-1,-1.00623517066424,-0.995925511830635
32.2,-1,-1.00559882788641,-0.995581066977891
32.21,-1,-1.00501789388948,-0.995436725188348
32.22,-1,-1.00445432636375,-0.995455710621189
32.23,-1,-1.00393043156133,-0.995531536032928
32.24,-1,-1.00347563571911,-0.995574045065707
32.25,-1,-1.00306347833109,-0.995615964634784
32.26,-1,-1.0026648173903,-0.995738123956514
32.27,-1,-1.00232123460414,-0.995953161223722
32.28,-1,-1.00209652065759,-0.99623158721763
32.29,-1,-1.00199910459473,-0.996568884882122
32.3,-1,-1.00199419373825,-0.996987858589395
32.31,-1,-1.00204579245332,-0.997438572072441
32.32,-1,-1.00212421694872,-0.997780380202434
32.33,-1,-1.0022539818438,-0.997902681968322
32.34,-1,-1.00252786581582,-0.997893088413082
32.35,-1,-1.00303498638512,-0.997968702907909
32.36,-1,-1.00371984562356,-0.998231565219347
32.37,-1,-1.00436316620357,-0.998573315379105
32.38,-1,-1.00484877123493,-0.998758914732324
32.39,-1,-1.00528915600052,-0.998670584291657
32.4,-1,-1.00581048162532,-0.998456397590567
32.41,-1,-1.0064021891013,-0.998350117955765
32.42,-1,-1.00700618827286,-0.998405982195523
32.43,-1,-1.00759288890184,-0.998451857639671
32.44,-1,-1.00812506024314,-0.998279404449688
32.45,-1,-1.00856448315095,-0.997886406894202
32.46,-1,-1.00896677655879,-0.997495924890599
32.47,-1,-1.00942127756644,-0.997332130708039
32.48,-1,-1.00991331413747,-0.997469297380677
32.49,-1,-1.01036502948811,-0.997840466545989
32.5,-1,-1.01071783410463,-0.998251386688701
32.51,-1,-1.01099904974491,-0.998497428834641
32.52,-1,-1.01132065633443,-0.998556008010892
32.53,-1,-1.01175058192578,-0.998595368898087
32.54,-1,-1.01221560043319,-0.998826996018237
32.55,-1,-1.01253974856602,-0.999365633647385
32.56,-1,-1.0125592693655,-1.00011281063774
32.57,-1,-1.01229455506871,-1.00078866738746
32.58,-1,-1.01197261665971,-1.00120867587871
32.59,-1,-1.01179240360801,-1.00145178879711
32.6,-1,-1.01172761744586,-1.00175352825431
32.61,-1,-1.01158307688713,-1.00232687244646
32.62,-1,-1.01123058943178,-1.00316161916092
32.63,-1,-1.01077537846727,-1.0040039500513
32.64,-1,-1.01038715747929,-1.00465433993418
32.65,-1,-1.01007785531557,-1.00516675083287
32.66,-1,-1.00975784116288,-1.00573313416618
32.67,-1,-1.00937217529992,-1.00648210624421
32.68,-1,-1.00896860174692,-1.00735642490354
32.69,-1,-1.00863183584781,-1.00815746163122
32.7,-1,-1.00833990378398,-1.00870321953742
32.71,-1,-1.0079976975602,-1.00897541081136
32.72,-1,-1.00759685777855,-1.00916111130463
32.73,-1,-1.00721779712726,-1.00949581023367
32.74,-1,-1.00688353197207,-1.01002319718976
32.75,-1,-1.00652734828919,-1.01056769616825
32.76,-1,-1.0060810550027,-1.01092378366788
32.77,-1,-1.00556446403419,-1.011021289614
32.78,-1,-1.00514138323679,-1.01092102396798
32.79,-1,-1.00498263689864,-1.01073323670634
32.8,-1,-1.00504289306525,-1.01055415864427
32.81,-1,-1.00508680769276,-1.01042540131682
32.82,-1,-1.00490961746358,-1.01033332165174
32.83,-1,-1.00449450300934,-1.01024118182446
32.84,-1,-1.00399390597782,-1.01010677347515
32.85,-1,-1.00359509646246,-1.00992757494005
32.86,-1,-1.00337992662364,-1.00975739213943
32.87,-1,-1.00327204263668,-1.00962930291118
32.88,-1,-1.0030979922904,-1.00951970075486
32.89,-1,-1.0027414617588,-1.00935805865715
32.9,-1,-1.00230867544346,-1.00910112470035
32.91,-1,-1.00205679554559,-1.00881915740921
32.92,-1,-1.00208825907074,-1.00865906016121
32.93,-1,-1.00219510733382,-1.00864526794665
32.94,-1,-1.002066595112,-1.00860544687975
32.95,-1,-1.00161403459383,-1.00836748264657
32.96,-1,-1.00105855907816,-1.00798740026899
32.97,-1,-1.00068809783166,-1.00768217619091
32.98,-1,-1.0005843260786,-1.00755687669496
32.99,-1,-1.00059508600936,-1.00749823862339
33,-1,-1.00052763098837,-1.00730699189721
33.01,-1,-1.00030924467262,-1.00689248173957
33.02,-1,-1.00000709655928,-1.00632069278533
33.03,-1,-0.999813729625118,-1.00576203420772
33.04,-1,-0.999880843079593,-1.00539707377653
33.05,-1,-1.00011182420403,-1.00525152962394
33.06,-1,-1.00029296149702,-1.00509506357227
33.07,-1,-1.00033543453882,-1.00465504837868
33.08,-1,-1.00027760937446,-1.00390499522569
33.09,-1,-1.00019902485807,-1.00310527127232
33.1,-1,-1.00014481250036,-1.00256768878467
33.11,-1,-1.00011348421114,-1.00234146853176
33.12,-1,-1.00012636530496,-1.00218142410389
33.13,-1,-1.00021676743802,-1.00182970004064
33.14,-1,-1.0003695740314,-1.00128723725449
33.15,-1,-1.00050612585782,-1.00078375278352
33.16,-1,-1.00052297678715,-1.0004826086251
33.17,-1,-1.00041379061401,-1.00026334099811
33.18,-1,-1.00031357216442,-0.999854216926614
33.19,-1,-1.0003606295332,-0.999116067787484
33.2,-1,-1.00057984132963,-0.998171850408222
33.21,-1,-1.00084507142525,-0.997307024090691
33.22,-1,-1.00095525605123,-0.996692110340282
33.23,-1,-1.00086032330162,-0.996229559156035
33.24,-1,-1.00071791070163,-0.995745717850846
33.25,-1,-1.0007081576553,-0.99522188149978
33.26,-1,-1.00082604117377,-0.994782532624969
33.27,-1,-1.00086979990748,-0.994540428717775
33.28,-1,-1.00066273705632,-0.994478886705387
33.29,-1,-1.00022644177469,-0.994465769757447
33.3,-1,-0.999751922917623,-0.994378747581623
33.31,-1,-0.999452574467215,-0.994199154527782
33.32,-1,-0.999417462104567,-0.993982577701615
33.33,-1,-0.999521935391604,-0.993845882813076
33.34,-1,-0.999514268839305,-0.993921340321838
33.35,-1,-0.999260122551962,-0.99417837620088
33.36,-1,-0.998864230093697,-0.994403766039863
33.37,-1,-0.998515459027053,-0.994409741766216
33.38,-1,-0.998262792383319,-0.994225401574326
33.39,-1,-0.998002296021291,-0.994019962589092
33.4,-1,-0.997615691924473,-0.9938975111954
33.41,-1,-0.997079757794879,-0.993892856659266
33.42,-1,-0.99652063306043,-0.994048052221796
33.43,-1,-0.996088180174703,-0.994359561126065
33.44,-1,-0.995792694554052,-0.994691989999858
33.45,-1,-0.995617277046427,-0.994883142319066
33.46,-1,-0.995642287350514,-0.994926354471895
33.47,-1,-0.99592028020328,-0.994950983822536
33.48,-1,-0.996333962795848,-0.995068858390539
33.49,-1,-0.996627412986859,-0.995270665246986
33.5,-1,-0.996624319652739,-0.995483923705742
33.51,-1,-0.996452527681817,-0.995682690882382
33.52,-1,-0.996420277442298,-0.995912608993569
33.53,-1,-0.9966784661905,-0.996231019248826
33.54,-1,-0.997100239155601,-0.996615653013174
33.55,-1,-0.997434327730321,-0.996967041396441
33.56,-1,-0.997607010160451,-0.997209630230414
33.57,-1,-0.99781588593032,-0.997362351692937
33.58,-1,-0.998212373217446,-0.997546921608112
33.59,-1,-0.998724563405068,-0.997878443131716
33.6,-1,-0.999230576591891,-0.998312912374432
33.61,-1,-0.9997258236788,-0.998698406135846
33.62,-1,-1.00031170638433,-0.998934852142995
33.63,-1,-1.00109400490162,-0.999040666315
33.64,-1,-1.00209793724027,-0.999129751392262
33.65,-1,-1.00317989413609,-0.999308091159844
33.66,-1,-1.00411907208311,-0.999586341551289
33.67,-1,-1.00482201165945,-0.999860719235857
33.68,-1,-1.0053393422792,-0.999958717589422
33.69,-1,-1.00576024476725,-0.999815813772042
33.7,-1,-1.00619615052433,-0.999602135346528
33.71,-1,-1.00676698164809,-0.999585799254774
33.72,-1,-1.00744988484796,-0.999887965035388
33.73,-1,-1.00804461175171,-1.0003971733772
33.74,-1,-1.00835162968017,-1.00083462033013
33.75,-1,-1.0083937589946,-1.0009540530233
33.76,-1,-1.00846842830661,-1.00078209470208
33.77,-1,-1.00889443945684,-1.00060696064499
33.78,-1,-1.00968024531936,-1.00072679213097
33.79,-1,-1.01046385668641,-1.00117843836779
33.8,-1,-1.01083811518368,-1.0016850370078
33.81,-1,-1.01079309576193,-1.00196547944315
33.82,-1,-1.01074916726452,-1.00197112926371
33.83,-1,-1.01106020647418,-1.00181009083121
33.84,-1,-1.01159171633816,-1.00163297346391
33.85,-1,-1.01192838779506,-1.0015521573538
33.86,-1,-1.01188649116839,-1.00163669306549
33.87,-1,-1.01167232621139,-1.00187251142798
33.88,-1,-1.01156473216733,-1.00214074140542
33.89,-1,-1.01158229517186,-1.00229045717696
33.9,-1,-1.01152751630052,-1.00224545591697
33.91,-1,-1.0111803165485,-1.00210240094594
33.92,-1,-1.01050066341154,-1.00205631050328
33.93,-1,-1.0097451224583,-1.00221370575495
33.94,-1,-1.00926892295133,-1.0025254347179
33.95,-1,-1.00916936368123,-1.00287954735388
33.96,-1,-1.00912544829466,-1.00316948897655
33.97,-1,-1.00866090227533,-1.00335444103336
33.98,-1,-1.00767307349317,-1.00354254530748
33.99,-1,-1.00661272831341,-1.00385348366656
34,-1,-1.00606276472425,-1.00422016631136
34.01,-1,-1.0062146506979,-1.00446770450039
34.02,-1,-1.00664254409142,-1.0044920872273
34.03,-1,-1.0066377492087,-1.00434861654063
34.04,-1,-1.00591784970714,-1.00420180726577
34.05,-1,-1.00486968979289,-1.00418248171592
34.06,-1,-1.00409784665145,-1.00435284787439
34.07,-1,-1.00388361594376,-1.00469387015025
34.08,-1,-1.00402296969652,-1.00503528669491
34.09,-1,-1.00410516349839,-1.00521519085192
34.1,-1,-1.00388847053417,-1.0052644546696
34.11,-1,-1.00347984278253,-1.00531143364482
34.12,-1,-1.00318740371334,-1.00543526987659
34.13,-1,-1.00316691597568,-1.00563504167304
34.14,-1,-1.0032868942531,-1.00588201160036
34.15,-1,-1.00328127322527,-1.00611230991696
34.16,-1,-1.00296822306248,-1.00622604054871
34.17,-1,-1.00242359467198,-1.00623438274198
34.18,-1,-1.0019635992954,-1.00633554650834
34.19,-1,-1.00185693911888,-1.00669752724671
34.2,-1,-1.00205255811633,-1.00721154601591
34.21,-1,-1.00224731724776,-1.0075936675341
34.22,-1,-1.00223180266974,-1.00773077941849
34.23,-1,-1.00207154980164,-1.00779583012207
34.24,-1,-1.00197008594164,-1.00800826503737
34.25,-1,-1.00208559217979,-1.00839171170498
34.26,-1,-1.00242465397569,-1.0087646785093
34.27,-1,-1.00280871088343,-1.00894725028956
34.28,-1,-1.00299443954173,-1.00896646584661
34.29,-1,-1.00295138547898,-1.00899811967327
34.3,-1,-1.00295478377045,-1.00917517370468
34.31,-1,-1.00327971371223,-1.00947731420817
34.32,-1,-1.00395880446016,-1.00974369326148
34.33,-1,-1.00480338135901,-1.00982198758787
34.34,-1,-1.00549603485629,-1.00975346745854
34.35,-1,-1.00582767641296,-1.0097360944706
34.36,-1,-1.00590646685354,-1.00990278321228
34.37,-1,-1.00604139658768,-1.01020153355407
34.38,-1,-1.00644882632185,-1.01046592896056
34.39,-1,-1.00705742193979,-1.01057653414646
34.4,-1,-1.00760239221373,-1.01056550822068
34.41,-1,-1.00791046397174,-1.01057328830015
34.42,-1,-1.00800717703968,-1.01071082222726
34.43,-1,-1.00801830357762,-1.01095260935126
34.44,-1,-1.00807999485934,-1.01115795907667
34.45,-1,-1.00828366506361,-1.01117228824786
34.46,-1,-1.00858590135236,-1.01092762009701
34.47,-1,-1.0087936573774,-1.01052081291908
34.48,-1,-1.00872754816704,-1.01012948456613
34.49,-1,-1.00839476298318,-1.00984056407669
34.5,-1,-1.00797161497614,-1.00960746187728
34.51,-1,-1.00760884893431,-1.00933901592856
34.52,-1,-1.00730537775228,-1.00906054236889
34.53,-1,-1.00698151811788,-1.00887785868353
34.54,-1,-1.00651905440438,-1.00879414002701
34.55,-1,-1.00583447154564,-1.00868839332882
34.56,-1,-1.00504199015521,-1.00839272583157
34.57,-1,-1.00441106375266,-1.00783457722585
34.58,-1,-1.00412614479011,-1.00715251256359
34.59,-1,-1.00410194546682,-1.00660307213359
34.6,-1,-1.00406048461242,-1.00627261895958
34.61,-1,-1.00375200868681,-1.00596726015171
34.62,-1,-1.0032052037089,-1.00547596613276
34.63,-1,-1.00273990465482,-1.00481621760427
34.64,-1,-1.00261037945281,-1.00418981699643
34.65,-1,-1.00271295415707,-1.00373876738732
34.66,-1,-1.00268171976027,-1.0034433075092
34.67,-1,-1.00228209021653,-1.00319002563286
34.68,-1,-1.00169216142724,-1.0028644053526
34.69,-1,-1.00130025195914,-1.00244957948412
34.7,-1,-1.00129202729668,-1.00202951357642
34.71,-1,-1.00152849391816,-1.00176726880917
34.72,-1,-1.00170109051934,-1.00178796597692
34.73,-1,-1.00155690951392,-1.00192439604398
34.74,-1,-1.00110348325493,-1.00180862605486
34.75,-1,-1.00063155044178,-1.00127559078232
34.76,-1,-1.00047054527486,-1.00052848013662
34.77,-1,-1.00067725060731,-0.99995157721554
34.78,-1,-1.00099184303808,-0.999754783633039
34.79,-1,-1.00114766414457,-0.999764723665972
34.8,-1,-1.00116074181977,-0.999621648137966
34.81,-1,-1.0012508747894,-0.999170638841165
34.82,-1,-1.00150643952367,-0.998645422888353
34.83,-1,-1.00175682941096,-0.998461202645381
34.84,-1,-1.00181883190754,-0.998803600488523
34.85,-1,-1.00171477924242,-0.999439910976308
34.86,-1,-1.00163716616669,-0.999922992169434
34.87,-1,-1.00180341367295,-1.0000028264744
34.88,-1,-1.00229754356467,-0.999858329471445
34.89,-1,-1.00293999151981,-0.999907603264365
34.9,-1,-1.00340698896092,-1.00040827656086
34.91,-1,-1.00352462165856,-1.00125211465819
34.92,-1,-1.00341614907267,-1.00210020536265
34.93,-1,-1.0033961992477,-1.00267563202865
34.94,-1,-1.00367863196215,-1.00295897851055
34.95,-1,-1.00412750108879,-1.00315260132444
34.96,-1,-1.00435333092493,-1.0034943993319
34.97,-1,-1.00411590675109,-1.00404480359518
34.98,-1,-1.00357422711839,-1.00458417569082
34.99,-1,-1.00310135208639,-1.00480824982387
35,-1,-1.0028564369132,-1.00469051722094
35.01,-1,-1.00266593617388,-1.00450688844838
35.02,-1,-1.00234263064407,-1.00447807161767
35.03,-1,-1.00193540101636,-1.00458269687926
35.04,-1,-1.00160388336127,-1.00465372984288
35.05,-1,-1.00142685347167,-1.00458183499707
35.06,-1,-1.00136501019607,-1.0043734132262
35.07,-1,-1.00128173601542,-1.00407096130954
35.08,-1,-1.00104377592223,-1.00373948254463
35.09,-1,-1.00065531458945,-1.00340641457361
35.1,-1,-1.00025447778168,-1.00303869969947
35.11,-1,-0.999957154478587,-1.00259126235553
35.12,-1,-0.999771432618951,-1.00206697067434
35.13,-1,-0.999671883039427,-1.0015221871992
35.14,-1,-0.999665981710903,-1.00099486666502
35.15,-1,-0.999737201667004,-1.00048037886564
35.16,-1,-0.999781352864077,-1.00000845009286
35.17,-1,-0.999655144852477,-0.999638304181057
35.18,-1,-0.999292219565572,-0.999328181269057
35.19,-1,-0.998756249756592,-0.998933854054911
35.2,-1,-0.998241976927472,-0.998357594985084
35.21,-1,-0.997954836221478,-0.997652698704606
35.22,-1,-0.997926651525759,-0.99693463523723
35.23,-1,-0.998057263138153,-0.99628254669383
35.24,-1,-0.998232722809961,-0.995796093681177
35.25,-1,-0.998338020998866,-0.995572582982293
35.26,-1,-0.998288955797114,-0.99561013682765
35.27,-1,-0.998123403738841,-0.995777201575641
35.28,-1,-0.997992617942514,-0.995888720501937
35.29,-1,-0.998010982070123,-0.995869119165015
35.3,-1,-0.998155301519974,-0.995800440478218
35.31,-1,-0.998362590559218,-0.995841012689217
35.32,-1,-0.998662342153699,-0.99604748987536
35.33,-1,-0.99912230795048,-0.996301954496324
35.34,-1,-0.99973272642613,-0.996494382596189
35.35,-1,-1.0004146111594,-0.996629051337652
35.36,-1,-1.00101631414619,-0.996779207852112
35.37,-1,-1.00137789850281,-0.997058566494964
35.38,-1,-1.00152783659242,-0.997518106427932
35.39,-1,-1.00165869473349,-0.998015753777312
35.4,-1,-1.00187079822492,-0.998358062005613
35.41,-1,-1.00210440085296,-0.998491037491535
35.42,-1,-1.0022596170854,-0.998511802647641
35.43,-1,-1.00232142920394,-0.998561606395666
35.44,-1,-1.00245383096695,-0.998652392616102
35.45,-1,-1.00279341508046,-0.998724664962473
35.46,-1,-1.00317525308017,-0.998784305546804
35.47,-1,-1.00332124916808,-0.998883867559239
35.48,-1,-1.00320297669258,-0.999050498340276
35.49,-1,-1.00304817745482,-0.999251780052912
35.5,-1,-1.00310630521253,-0.999432466528395
35.51,-1,-1.00342803324492,-0.999556408422566
35.52,-1,-1.00384417938927,-0.999672850101776
35.53,-1,-1.00418372988218,-0.999930839825709
35.54,-1,-1.00438541269949,-1.00042653566064
35.55,-1,-1.00446796152481,-1.00109392049894
35.56,-1,-1.00453170895836,-1.00174766288196
35.57,-1,-1.00470764318707,-1.00224157289369
35.58,-1,-1.00502898115172,-1.00262763537227
35.59,-1,-1.00540601153781,-1.00313451235122
35.6,-1,-1.00569603365933,-1.00391668301264
35.61,-1,-1.00585642313021,-1.00484648294583
35.62,-1,-1.00600979174483,-1.00563726660501
35.63,-1,-1.00627837705889,-1.00614330624529
35.64,-1,-1.00666439105247,-1.00651402694884
35.65,-1,-1.00710362039279,-1.00700769951209
35.66,-1,-1.00749292475316,-1.00768763645025
35.67,-1,-1.00773299766514,-1.0083973719655
35.68,-1,-1.00785505469075,-1.00896613154403
35.69,-1,-1.00801058311272,-1.00936381100018
35.7,-1,-1.00831911192171,-1.0097370849347
35.71,-1,-1.00874364198766,-1.01026927223184
35.72,-1,-1.00909507207668,-1.01099557634138
35.73,-1,-1.00921750996456,-1.01178925548572
35.74,-1,-1.00913566876313,-1.01246046405482
35.75,-1,-1.00903431109735,-1.01292310037187
35.76,-1,-1.00909343246136,-1.01327310999472
35.77,-1,-1.00929810928573,-1.01360255635101
35.78,-1,-1.00947948584905,-1.01389559586783
35.79,-1,-1.00946086615845,-1.01411680012666
35.8,-1,-1.00919140032253,-1.01422954688127
35.81,-1,-1.00881123156033,-1.01420910824436
35.82,-1,-1.00855389890899,-1.01412699712804
35.83,-1,-1.00855557792173,-1.01412173348518
35.84,-1,-1.00872113412693,-1.01424670477091
35.85,-1,-1.00875639030994,-1.01439111870275
35.86,-1,-1.00843622187767,-1.01435656789742
35.87,-1,-1.00788603439006,-1.01401262542461
35.88,-1,-1.00743594058237,-1.01340821080344
35.89,-1,-1.00723625829689,-1.01271567752802
35.9,-1,-1.00715141991896,-1.0120987865336
35.91,-1,-1.00694918275232,-1.01162947067787
35.92,-1,-1.00656897550722,-1.01120849192679
35.93,-1,-1.00618156567955,-1.01066447863894
35.94,-1,-1.00593679415753,-1.00995121274893
35.95,-1,-1.00579514955631,-1.00916407732755
35.96,-1,-1.00568152216917,-1.0084440080939
35.97,-1,-1.00559841864092,-1.00788676905716
35.98,-1,-1.00555267400372,-1.00745366547807
35.99,-1,-1.0055140544966,-1.00696574139482
36,-1,-1.00540876055315,-1.00628268187727
36.01,-1,-1.00518870726769,-1.00545391746412
36.02,-1,-1.00492338690365,-1.00465299687112
36.03,-1,-1.00471186788275,-1.00398008540427
36.04,-1,-1.00451925345262,-1.00335857008099
36.05,-1,-1.00428331209766,-1.00266616142145
36.06,-1,-1.00405831741829,-1.00188019897268
36.07,-1,-1.00388604598456,-1.00107159949378
36.08,-1,-1.00374284718226,-1.00034039458339
36.09,-1,-1.00359283840606,-0.999748443965202
36.1,-1,-1.00340060549201,-0.999241266961364
36.11,-1,-1.003124397585,-0.998663144336925
36.12,-1,-1.00270004555866,-0.997971386487392
36.13,-1,-1.00209174895731,-0.99731979077375
36.14,-1,-1.00137075988126,-0.996918615421636
36.15,-1,-1.0006846523968,-0.996850316228424
36.16,-1,-1.00014365928001,-0.996931448016238
36.17,-1,-0.999809773512197,-0.99685731641795
36.18,-1,-0.999688926047611,-0.9965045981857
36.19,-1,-0.999653994779137,-0.996053667738346
36.2,-1,-0.999513421110607,-0.995803278394259
36.21,-1,-0.999187442773789,-0.99590514542688
36.22,-1,-0.99879269448379,-0.996296454568975
36.23,-1,-0.998521649229248,-0.996761335016778
36.24,-1,-0.998440355700076,-0.9970928375145
36.25,-1,-0.998435057680967,-0.997260696850624
36.26,-1,-0.998320370386681,-0.997436141380896
36.27,-1,-0.998031563312595,-0.997823564313459
36.28,-1,-0.997716586436177,-0.998405427311506
36.29,-1,-0.997582786327075,-0.998945480820941
36.3,-1,-0.997666789851423,-0.999237511712778
36.31,-1,-0.997820293678573,-0.999305916663981
36.32,-1,-0.997863517948461,-0.999356072030493
36.33,-1,-0.997728838130288,-0.999560829800324
36.34,-1,-0.997525118334884,-0.999951762542542
36.35,-1,-0.997395957103982,-1.00045334513328
36.36,-1,-0.997353148030849,-1.00096255846253
36.37,-1,-0.997285978146676,-1.00139931837793
36.38,-1,-0.997124219336868,-1.00172769485206
36.39,-1,-0.996942414779553,-1.00197168039717
36.4,-1,-0.996876663299586,-1.00219230999528
36.41,-1,-0.997001934830484,-1.00241362535124
36.42,-1,-0.99729201504233,-1.00261056974378
36.43,-1,-0.997653385971223,-1.00275398401489
36.44,-1,-0.997949363766144,-1.00283623666492
36.45,-1,-0.998048493488086,-1.00291553233855
36.46,-1,-0.997935101079165,-1.00308845881446
36.47,-1,-0.997739511417457,-1.00336648671258
36.48,-1,-0.997662582693019,-1.00367040773287
36.49,-1,-0.99783948382013,-1.00390837369833
36.5,-1,-0.998188006737074,-1.00402866042898
36.51,-1,-0.998511684579438,-1.00403482539184
36.52,-1,-0.998794209377007,-1.00396950615293
36.53,-1,-0.999196856033502,-1.00392158004171
36.54,-1,-0.999799756472275,-1.00392191859556
36.55,-1,-1.00055194216244,-1.0038954725054
36.56,-1,-1.00133558777976,-1.00379266301098
36.57,-1,-1.00198840665633,-1.00363544186227
36.58,-1,-1.00244876664784,-1.00346752385316
36.59,-1,-1.00279238194288,-1.00334133751033
36.6,-1,-1.00310958794632,-1.00329707565388
36.61,-1,-1.0034796087814,-1.00330159451791
36.62,-1,-1.00393140790445,-1.00325045223757
36.63,-1,-1.00437749213727,-1.00309518641416
36.64,-1,-1.0046978728404,-1.00291079870384
36.65,-1,-1.00491791345102,-1.00276660055397
36.66,-1,-1.00516999069706,-1.0026559032316
36.67,-1,-1.00551369660874,-1.00258402977833
36.68,-1,-1.00590103158369,-1.0025970145319
36.69,-1,-1.00622877419391,-1.00270211969254
36.7,-1,-1.00642201291321,-1.00283975239602
36.71,-1,-1.00655117588528,-1.00293444656152
36.72,-1,-1.00682529734179,-1.00297072989075
36.73,-1,-1.00737644777081,-1.00297521674405
36.74,-1,-1.00808802429378,-1.00298280387427
36.75,-1,-1.008672928799,-1.00306157301645
36.76,-1,-1.00892229361277,-1.00327753241697
36.77,-1,-1.0089338968327,-1.00362414582027
36.78,-1,-1.00901053401451,-1.00401569332671
36.79,-1,-1.0093840960674,-1.00439954719536
36.8,-1,-1.0100332149524,-1.00479880095884
36.81,-1,-1.01068578388533,-1.00528483303666
36.82,-1,-1.01109223735548,-1.00593881074488
36.83,-1,-1.0112702675758,-1.00674077732515
36.84,-1,-1.01142052027188,-1.00750642796891
36.85,-1,-1.01171185120023,-1.00800103058106
36.86,-1,-1.01218551193201,-1.00813858271519
36.87,-1,-1.01271858337049,-1.00804073187187
36.88,-1,-1.01310372409928,-1.00796650777798
36.89,-1,-1.01323513877246,-1.00816561717959
36.9,-1,-1.0131779240375,-1.00866610675485
36.91,-1,-1.01309448118201,-1.00921619881491
36.92,-1,-1.01311717831437,-1.00950961464548
36.93,-1,-1.01322922354281,-1.00946910476091
36.94,-1,-1.01327951364052,-1.00926519298029
36.95,-1,-1.01309986522596,-1.00911547908122
36.96,-1,-1.01266711475865,-1.00912346827142
36.97,-1,-1.0121646670614,-1.00920978109574
36.98,-1,-1.01185175012504,-1.00919794381162
36.99,-1,-1.01187383593345,-1.00899530914394
37,-1,-1.01205133198139,-1.00864906834924
37.01,-1,-1.01198225211415,-1.00827912492335
37.02,-1,-1.01147164893199,-1.00798119315875
37.03,-1,-1.01072219146495,-1.00775588099732
37.04,-1,-1.01011029968854,-1.00747824572707
37.05,-1,-1.00981352539804,-1.00696516182805
37.06,-1,-1.00964114074767,-1.00615613546839
37.07,-1,-1.00925735114832,-1.00524316051417
37.08,-1,-1.00855741862612,-1.00451675458659
37.09,-1,-1.00772732131268,-1.00408671591859
37.1,-1,-1.00702754765524,-1.00382578606039
37.11,-1,-1.00657391389999,-1.00347151401009
37.12,-1,-1.00625723183243,-1.00287378707673
37.13,-1,-1.00591914368558,-1.00219292747895
37.14,-1,-1.00555143738919,-1.00172733081769
37.15,-1,-1.00528143133036,-1.00158092271909
37.16,-1,-1.00522374163453,-1.00159345908135
37.17,-1,-1.00530508269645,-1.00154772301756
37.18,-1,-1.00531268460893,-1.0013611548136
37.19,-1,-1.00510957424028,-1.00108906508907
37.2,-1,-1.00476370762831,-1.00085927145974
37.21,-1,-1.00449560448248,-1.00079752915648
37.22,-1,-1.00439295930343,-1.00091464638854
37.23,-1,-1.00432576001865,-1.00110626597084
37.24,-1,-1.00417203254963,-1.00123492152544
37.25,-1,-1.00396508196664,-1.00119872956322
37.26,-1,-1.00385926094057,-1.00103218144506
37.27,-1,-1.00394257271537,-1.00091722883425
37.28,-1,-1.00412382862843,-1.00102237677575
37.29,-1,-1.0042297357329,-1.00133338949873
37.3,-1,-1.00415002360782,-1.00163581198701
37.31,-1,-1.00394406456024,-1.00172035994249
37.32,-1,-1.00379302287831,-1.0016170040762
37.33,-1,-1.00378273155299,-1.00155550454418
37.34,-1,-1.00380826375752,-1.00165392496673
37.35,-1,-1.00370600170976,-1.00179071022412
37.36,-1,-1.00340463627044,-1.00183619288503
37.37,-1,-1.00299179666653,-1.0017991840418
37.38,-1,-1.00262434379787,-1.00173839596807
37.39,-1,-1.00237184888741,-1.00167170065545
37.4,-1,-1.00221015917232,-1.00159149106354
37.41,-1,-1.0020370987788,-1.00152760080429
37.42,-1,-1.00167235708414,-1.00150141786114
37.43,-1,-1.00103480560034,-1.00146036539209
37.44,-1,-1.00032933996713,-1.00130239081777
37.45,-1,-0.999894280716211,-1.0009533837386
37.46,-1,-0.999873532208283,-1.00048311016984
37.47,-1,-1.00010950956162,-1.00009161348308
37.48,-1,-1.00032381957767,-0.999928112256112
37.49,-1,-1.00038479745288,-0.999978613285724
37.5,-1,-1.00038329670963,-1.00014748551043
37.51,-1,-1.00048409038123,-1.00037631333184
37.52,-1,-1.00081736883788,-1.00064553026885
37.53,-1,-1.00139682710013,-1.00090024885691
37.54,-1,-1.00200551459907,-1.00109387917163
37.55,-1,-1.00233687087854,-1.00122050607814
37.56,-1,-1.00228038826394,-1.001247724094
37.57,-1,-1.00198054155346,-1.00121274003333
37.58,-1,-1.00172211141998,-1.00125140572566
37.59,-1,-1.00174909842201,-1.00146771950809
37.6,1,-1.00208550238787,-1.00184888696505
37.61,1,-1.00256626780982,-1.00228366527294
37.62,1,-1.00075580775693,-1.00038535320946
37.63,1,-0.990424353482738,-0.98999093797861
37.64,1,-0.96620900183968,-0.965816224897512
37.65,1,-0.928857338021484,-0.928695372315935
37.66,1,-0.884362330669849,-0.88462662232864
37.67,1,-0.838220933908249,-0.83910136273171
37.68,1,-0.790864112060079,-0.792344306458057
37.69,1,-0.738307645937308,-0.740164504031347
37.7,1,-0.676977860568187,-0.67894249476994
37.71,1,-0.607311448922217,-0.609365937367672
37.72,1,-0.533387855288043,-0.535746759424816
37.73,1,-0.459248334082505,-0.462234925527191
37.74,1,-0.385607130369978,-0.389465267582487
37.75,1,-0.310041410707151,-0.314614859789279
37.76,1,-0.230261398442609,-0.234861505166981
37.77,1,-0.146506284318885,-0.150373736652974
37.78,1,-0.061415849574914,-0.0645392110278035
37.79,1,0.022169222468501,0.0192857021151104
37.8,1,0.103474622872182,0.100558883226982
37.81,1,0.183922369387319,0.181351520006757
37.82,1,0.265414687131704,0.263479710198852
37.83,1,0.348205242326966,0.346587187955703
37.84,1,0.430376719560685,0.428343244580236
37.85,1,0.50927963129761,0.506628518254411
37.86,1,0.583998467550621,0.58135279561689
37.87,1,0.65583650048227,0.654049661700218
37.88,1,0.726579314808818,0.725955613918898
37.89,1,0.796569302845237,0.796614274668012
37.9,1,0.864439135696816,0.864315789454211
37.91,1,0.928466508713936,0.927748489680083
37.92,1,0.987937979735806,0.987128137838991
37.93,1,1.04371337551057,1.04361774963824
37.94,1,1.09703063808764,1.09805770883083
37.95,1,1.14813065260814,1.15011224395304
37.96,1,1.19605487809843,1.19859250264649
37.97,1,1.23968936259024,1.24271148286432
37.98,1,1.27883621782539,1.28260241257162
37.99,1,1.31421623517541,1.3190345497248
38,1,1.34677677762778,1.35262495624677
38.01,1,1.3769132806164,1.38327373950675
38.02,1,1.40395362698732,1.41035652089127
38.03,1,1.42700369847521,1.43349372562378
38.04,1,1.44587961013897,1.45285563675692
38.05,1,1.46132812202591,1.46903352382205
38.06,1,1.4743337636902,1.48260791835607
38.07,1,1.48523673096987,1.49369836284658
38.08,1,1.49356725944554,1.50193435335223
38.09,1,1.49864090623927,1.50690563824038
38.1,1,1.50032125582203,1.50867306375701
38.11,1,1.49921414478659,1.50781980560381
38.12,1,1.49613737980015,1.50493250351065
38.13,1,1.49148717702399,1.50016329113382
38.14,1,1.4850013020635,1.49326113687389
38.15,1,1.47612907355666,1.48397197657005
38.16,1,1.46469805436184,1.47244253035193
38.17,1,1.45118499974485,1.4591953056457
38.18,1,1.43638064317285,1.44472304494666
38.19,1,1.4207345294493,1.42911289734511
38.2,1,1.40414271185207,1.41220623372633
38.21,1,1.38627950945616,1.39393780368169
38.22,1,1.36702428407915,1.37452134033759
38.23,1,1.34664498391708,1.3543832041876
38.24,1,1.32564990017499,1.33377267631809
38.25,1,1.30440654369552,1.31269535263335
38.26,1,1.28300159238764,1.29109397321161
38.27,1,1.2613050886832,1.26904514233625
38.28,1,1.23929091411621,1.24673851864262
38.29,1,1.2171174362657,1.22441625538855
38.3,1,1.19500205038311,1.20230601990036
38.31,1,1.17315709592709,1.18032592983154
38.32,1,1.1516660453636,1.158366922093
38.33,1,1.13055790298605,1.13662994935349
38.34,1,1.10984248467807,1.11537405941822
38.35,1,1.08956510616368,1.09476579904602
38.36,1,1.06986577127376,1.07490944971045
38.37,1,1.05090719089836,1.05584167404015
38.38,1,1.03282008189404,1.0376162879805
38.39,1,1.01562895488019,1.02024145216999
38.4,1,0.999168736904774,1.00360171218569
38.41,1,0.983290209507776,0.987537619506703
38.42,1,0.968033348759891,0.972120799810317
38.43,1,0.953623902254467,0.957641264804655
38.44,1,0.940373260005165,0.944329175964145
38.45,1,0.928364780705214,0.932179137453065
38.46,1,0.917371192334066,0.92104352392865
38.47,1,0.907140169617727,0.910808429879041
38.48,1,0.897655712400689,0.901476488975906
38.49,1,0.889151140853034,0.893176604719463
38.5,1,0.881782532614533,0.885965083549702
38.51,1,0.875435436232197,0.879756641179898
38.52,1,0.869885499116212,0.874419248992993
38.53,1,0.865080043123583,0.869831181943657
38.54,1,0.861223072138925,0.865990786243524
38.55,1,0.858510643721407,0.863005846572136
38.56,1,0.85685444693056,0.860967914301674
38.57,1,0.856005715108941,0.859896844133883
38.58,1,0.855823500621828,0.859750848828442
38.59,1,0.85632918028027,0.860405334990104
38.6,1,0.857581564014921,0.861669637648091
38.61,1,0.85953225537042,0.86341877258624
38.62,1,0.862039661697405,0.865639276844711
38.63,1,0.865024933967955,0.868327897394362
38.64,1,0.868522361657995,0.871449751388292
38.65,1,0.872605444162412,0.874982178687693
38.66,1,0.877280661741493,0.878951361148688
38.67,1,0.882408746106661,0.883400947604614
38.68,1,0.887797431241633,0.888301272731903
38.69,1,0.893287002806503,0.893544006153009
38.7,1,0.898806775156822,0.899049556977997
38.71,1,0.904476208561028,0.904780614018959
38.72,1,0.91054014341397,0.910699621625404
38.73,1,0.917048571989624,0.916764613749507
38.74,1,0.923751531621221,0.922933992262072
38.75,1,0.930373412709285,0.929198873395772
38.76,1,0.936859210344075,0.935571083860092
38.77,1,0.943330389994307,0.942063779799101
38.78,1,0.94989847039273,0.948630947215489
38.79,1,0.95655250099408,0.955109265188208
38.8,1,0.963173731487458,0.961323882247812
38.81,1,0.969654174205895,0.967276394221133
38.82,1,0.975975834861002,0.973161773464426
38.83,1,0.982216617735716,0.97914572781002
38.84,1,0.988416995262948,0.985198056908735
38.85,1,0.99448859018358,0.991093334925455
38.86,1,1.00032301285092,0.996635477920902
38.87,1,1.00581627917728,1.00187879700949
38.88,1,1.01089913783319,1.00706916923496
38.89,1,1.0156349361135,1.01230943944696
38.9,1,1.02017414180398,1.01743474588162
38.91,1,1.02463001953677,1.02218711910141
38.92,1,1.02896246784983,1.02644452259694
38.93,1,1.03299548691215,1.03033754149304
38.94,1,1.03657562313562,1.03412270998898
38.95,1,1.03971998250632,1.03786532179421
38.96,1,1.04261497825456,1.04131785418839
38.97,1,1.04543202076823,1.04416368280716
38.98,1,1.04812433541852,1.0463610542255
38.99,1,1.05049574688892,1.04820208619756
39,1,1.05247383529411,1.04996050210781
39.01,1,1.05417489798449,1.05156981970964
39.02,1,1.05572046942557,1.05278594664253
39.03,1,1.05707037569031,1.05354639872718
39.04,1,1.05807919559592,1.05402560889909
39.05,1,1.05866153858143,1.05443234950607
39.06,1,1.05889795100764,1.05484278192396
39.07,1,1.05898569049839,1.05517704381381
39.08,1,1.05902693871766,1.05525600001688
39.09,1,1.05898010815797,1.05492147941679
39.1,1,1.05876017582453,1.05414160475056
39.11,1,1.05828091641373,1.05302118134894
39.12,1,1.0574933697045,1.05177003854985
39.13,1,1.05643897855742,1.05052045574965
39.14,1,1.05521515658171,1.04917377944629
39.15,1,1.05385117064192,1.04761774907053
39.16,1,1.05226833277437,1.0459586682005
39.17,1,1.05040918167459,1.0444128287075
39.18,1,1.04837515848513,1.0430371251257
39.19,1,1.04632698987825,1.04161138456745
39.2,1,1.04430587943353,1.03986865879904
39.21,1,1.04227130502934,1.03782229286959
39.22,1,1.04017237775292,1.03574806442782
39.23,1,1.03796682368307,1.03392485579618
39.24,1,1.03565725984883,1.0324254959345
39.25,1,1.03330071029281,1.0309952691665
39.26,1,1.03098478477282,1.02925417050984
39.27,1,1.02873270711468,1.02709657450024
39.28,1,1.02647818774585,1.02485212878152
39.29,1,1.02419589359478,1.02296385799692
39.3,1,1.02197331612264,1.02154137939589
39.31,1,1.01988127528169,1.0202970233528
39.32,1,1.01785454104844,1.01885682328562
39.33,1,1.01578869251586,1.0171100048708
39.34,1,1.01368431053759,1.01531302597609
39.35,1,1.01162949424997,1.01387953769245
39.36,1,1.00974608889071,1.01296529352242
39.37,1,1.00809188090881,1.01227697149472
39.38,1,1.00657373543931,1.01134939473053
39.39,1,1.00501805552201,1.01000469443589
39.4,1,1.00334095155667,1.00853094314589
39.41,1,1.00168037085341,1.00740694548619
39.42,1,1.00027985938028,1.00686054795439
39.43,1,0.999229375458831,1.00669464122522
39.44,1,0.998375870975373,1.0064699265608
39.45,1,0.997488686222974,1.00590046453323
39.46,1,0.996515008709441,1.00509314613084
39.47,1,0.995609875749291,1.0043672582611
39.48,1,0.994954759311974,1.0039458978739
39.49,1,0.994597450289187,1.00383118451948
39.5,1,0.99440824686694,1.00384789743405
39.51,1,0.994216674590613,1.00377909872447
39.52,1,0.993965325787921,1.00351530778661
39.53,1,0.993774162388272,1.00316803653438
39.54,1,0.99382135146828,1.00298476990374
39.55,1,0.994078695163874,1.00309781256104
39.56,1,0.994370726412116,1.00342872827021
39.57,1,0.994654171200238,1.00380242921109
39.58,1,0.994982952010466,1.00410138960286
39.59,1,0.995363240631766,1.00434856290732
39.6,1,0.995811868981849,1.00464692282167
39.61,1,0.996346398026308,1.00507377128336
39.62,1,0.996852463532281,1.00563311283523
39.63,1,0.997130393760299,1.00624698462775
39.64,1,0.997161846898197,1.00676740396515
39.65,1,0.997206497960723,1.00706700210572
39.66,1,0.997524988558708,1.00721915650728
39.67,1,0.998097987295815,1.00746782158442
39.68,1,0.998671475436562,1.00792303873491
39.69,1,0.999055959562728,1.00840158567763
39.7,1,0.999325635725599,1.00866479478131
39.71,1,0.999682911083431,1.00872190824817
39.72,1,1.00024286455543,1.00880238492839
39.73,1,1.0009873673526,1.00909392410701
39.74,1,1.00180423687841,1.00955126585945
39.75,1,1.00251311508713,1.01003870548665
39.76,1,1.00297750680192,1.01051291174215
39.77,1,1.00329141217523,1.010952817452
39.78,1,1.00374088725941,1.01132965298758
39.79,1,1.00450019736611,1.01165660300408
39.8,1,1.00547496198041,1.01197765312414
39.81,1,1.00642989640489,1.01230511457173
39.82,1,1.00718731671946,1.0125869481208
39.83,1,1.00776127456093,1.0127849086105
39.84,1,1.00834134018758,1.01292591980631
39.85,1,1.009106006528,1.01301365332244
39.86,1,1.01003301126438,1.01298391778673
39.87,1,1.01089477982014,1.01279985638825
39.88,1,1.0114602342318,1.01254435917668
39.89,1,1.01169646304328,1.0123757228651
39.9,1,1.01181457102222,1.01233298279137
39.91,1,1.01210068083506,1.01226779432086
39.92,1,1.01265556799175,1.01200448850839
39.93,1,1.0133249798234,1.01152571959406
39.94,1,1.01384870805131,1.01099313828887
39.95,1,1.01408211109261,1.01057016139067
39.96,1,1.01410339383836,1.01027066722279
39.97,1,1.01410808451742,1.01004126229357
39.98,1,1.01422583792488,1.00985802892096
39.99,1,1.01440234820425,1.00966057990441
40,1,1.01451578474959,1.00936173659879
40.01,1,1.01452842795655,1.00892426974746
40.02,1,1.01446045724662,1.00841680530984
40.03,1,1.01436962689155,1.00791729462878
40.04,1,1.0143224800255,1.00740970531514
40.05,1,1.01431540394111,1.00682847620889
40.06,1,1.01429917618286,1.00617685225331
40.07,1,1.01421828428929,1.00558179696438
40.08,1,1.01402469364713,1.00512682899179
40.09,1,1.01373799461306,1.00475676503874
40.1,1,1.01344989845312,1.00440106582809
40.11,1,1.0132039952558,1.00409418677251
40.12,1,1.01291452172945,1.00390811002542
40.13,1,1.01251389128742,1.003837905757
40.14,1,1.01203897584056,1.00377050832259
40.15,1,1.01153020536823,1.00358413561701
40.16,1,1.01104142936195,1.00334095059512
40.17,1,1.01062271287064,1.00326336526039
40.18,1,1.01024193067998,1.00347210017131
40.19,1,1.00986887814892,1.00380899496245
40.2,1,1.00959261847397,1.00392408961165
40.21,1,1.00956048809607,1.00360476358037
40.22,1,1.00974364572151,1.00304020309624
40.23,1,1.00990174431036,1.0026784430568
40.24,1,1.0098691108093,1.0027804239751
40.25,1,1.00976285218433,1.0031452298242
40.26,1,1.00980685989419,1.00339245776746
40.27,1,1.01005375304412,1.00334646320686
40.28,1,1.01035322797493,1.00310521858079
40.29,1,1.0105467787778,1.00295020546709
40.3,1,1.01061259369822,1.00308919422552
40.31,1,1.01062465309734,1.00341249828385
40.32,1,1.01066255014782,1.0036146969696
40.33,1,1.01076993672739,1.00353891094507
40.34,1,1.01097719299115,1.00331425720519
40.35,1,1.01124511179629,1.00321480915624
40.36,1,1.01140239449373,1.00339769840311
40.37,1,1.01135775362307,1.00375220687619
40.38,1,1.01126117566387,1.00404518594377
40.39,1,1.01132601776032,1.00413297730439
40.4,1,1.01162986723775,1.00403065613143
40.41,1,1.01204512639157,1.00388005032966
40.42,1,1.01235080141462,1.00380604698544
40.43,1,1.01244022478408,1.00376082610745
40.44,1,1.01235946274504,1.0036342797997
40.45,1,1.01222909503937,1.00340540877262
40.46,1,1.01218309373617,1.00312493478854
40.47,1,1.01229486687272,1.00286894490832
40.48,1,1.01251014900616,1.00265484559794
40.49,1,1.01273766660357,1.00244606526428
40.5,1,1.01294702503806,1.00225140440143
40.51,1,1.01312421615687,1.00212470050563
40.52,1,1.01323677776521,1.00204312727716
40.53,1,1.01325428295879,1.00192291257462
40.54,1,1.01317888132159,1.00176693857775
40.55,1,1.01306714099575,1.00159540218954
40.56,1,1.01294031617456,1.00135828730849
40.57,1,1.01271486026157,1.00105117310183
40.58,1,1.0123515010139,1.00080106901859
40.59,1,1.01196964999084,1.00076009298203
40.6,1,1.01171179802509,1.0009046744579
40.61,1,1.01164174189213,1.00097529960263
40.62,1,1.011770016825,1.00077947893877
40.63,1,1.01201938715698,1.00050949514935
40.64,1,1.01222507558438,1.00050041191551
40.65,1,1.01224317252299,1.00080477646559
40.66,1,1.01210758564892,1.00115254873317
40.67,1,1.01201066323531,1.00127253615427
40.68,1,1.01209572546322,1.00119870847021
40.69,1,1.01233199648671,1.00124862338773
40.7,1,1.01256947157184,1.001691641321
40.71,1,1.01272155971761,1.00244023992966
40.72,1,1.01287788785289,1.00313228081654
40.73,1,1.01317741004245,1.00350509077866
40.74,1,1.01357213403637,1.00363690013615
40.75,1,1.01382805785348,1.00380408142094
40.76,1,1.01377541244377,1.00415728781076
40.77,1,1.01344506704534,1.00460842881882
40.78,1,1.01302515016379,1.00497977588581
40.79,1,1.01269649439191,1.00521438599692
40.8,1,1.01245626033994,1.00542384279463
40.81,1,1.01216826746088,1.0057239330483
40.82,1,1.0118032433689,1.00606579752715
40.83,1,1.01151699454213,1.00629490148447
40.84,1,1.01146667089537,1.00636622406309
40.85,1,1.01162592386097,1.00639933556814
40.86,1,1.01177486767598,1.00655023174391
40.87,1,1.01168973399527,1.00686181221643
40.88,1,1.01135539784249,1.00723140517208
40.89,1,1.01096151892489,1.00751407608887
40.9,1,1.01075116920304,1.00763309187259
40.91,1,1.01079983820957,1.00764649671131
40.92,1,1.01089460145355,1.00765895216459
40.93,1,1.01073384737489,1.00770812871537
40.94,1,1.01021882743588,1.00779654756367
40.95,1,1.00954787040515,1.00790381236037
40.96,1,1.00903582000019,1.00796959814892
40.97,1,1.00886300498273,1.00795617795323
40.98,1,1.00898843807098,1.00789865335285
40.99,1,1.00914344961582,1.00789609298307
41,1,1.009015788657,1.00800268981024
41.01,1,1.00854567336646,1.0081289326433
41.02,1,1.00793445506208,1.00812908237736
41.03,1,1.00743554389534,1.00792828543228
41.04,1,1.00717091286951,1.00760031750978
41.05,1,1.0070579075641,1.00735453588939
41.06,1,1.00689766622949,1.00735584082787
41.07,1,1.00655013955276,1.00753565110086
41.08,1,1.00605029851781,1.00764893277221
41.09,1,1.00559412126082,1.00753289883552
41.1,1,1.00537178147129,1.00726712503335
41.11,1,1.00536794628255,1.00710382899464
41.12,1,1.00534644357406,1.00716679736011
41.13,1,1.00508929401556,1.0073217392123
41.14,1,1.00468431401272,1.00740946894913
41.15,1,1.00448556595081,1.00740573708568
41.16,1,1.00474413628222,1.00735182868628
41.17,1,1.00533550539688,1.00726672786546
41.18,1,1.00588561109083,1.00716514073506
41.19,1,1.00614878526478,1.00709320506953
41.2,1,1.00620081124074,1.00711362894772
41.21,1,1.0062691563519,1.00723660545925
41.22,1,1.00650652609634,1.00739287328036
41.23,1,1.00688820111412,1.00753179415243
41.24,1,1.00723419972541,1.00765433456511
41.25,1,1.00736580566666,1.00778801285693
41.26,1,1.00727363741341,1.00795989049292
41.27,1,1.00709460182246,1.00811847843711
41.28,1,1.00697810184996,1.00814250760829
41.29,1,1.00698490686573,1.00797362477106
41.3,1,1.00706183390217,1.00773455405225
41.31,1,1.00708783563232,1.0076611593272
41.32,1,1.00697139917629,1.00789558395609
41.33,1,1.00678175519361,1.00838075040954
41.34,1,1.00670064859637,1.00889792738232
41.35,1,1.00680618399388,1.00920729886692
41.36,1,1.00701187728981,1.00927831185839
41.37,1,1.00716999362688,1.00930511656298
41.38,1,1.00722656752552,1.00946201858981
41.39,1,1.00729048407072,1.00975550620447
41.4,1,1.00752010056035,1.01004335140986
41.41,1,1.00801465981958,1.01019780187581
41.42,1,1.00870840641522,1.01023774788438
41.43,1,1.00935717811457,1.01030490857112
41.44,1,1.00976159659602,1.0105756249305
41.45,1,1.00996975798143,1.01108481364775
41.46,1,1.01022249146611,1.01167639150473
41.47,1,1.01066806710492,1.01218396817588
41.48,1,1.01121810891076,1.01259669275409
41.49,1,1.01168272899378,1.01300778960759
41.5,1,1.01192625500402,1.01343516182215
41.51,1,1.01197456897277,1.01380205983799
41.52,1,1.01197271116754,1.01404353689843
41.53,1,1.01201250097637,1.0141891862075
41.54,1,1.01208703036962,1.01430094353665
41.55,1,1.01214527010776,1.01435368947476
41.56,1,1.01210032796486,1.01428092538027
41.57,1,1.01189144155458,1.01407868848781
41.58,1,1.01156824740918,1.01385022704542
41.59,1,1.01120805940641,1.01371957952203
41.6,1,1.01084492341869,1.01371812563873
41.61,1,1.01052080041452,1.013789566015
41.62,1,1.01024179310424,1.01386940081582
41.63,1,1.00991311294765,1.01395897852228
41.64,1,1.00947046303023,1.01409436790103
41.65,1,1.00902680141692,1.01427520648082
41.66,1,1.0087596552526,1.01443876610849
41.67,1,1.00864554888191,1.01448345744715
41.68,1,1.0084188736063,1.01440148017263
41.69,1,1.0078483202902,1.0143056427986
41.7,1,1.00695874904638,1.01424120516502
41.71,1,1.00603975411836,1.01412183057022
41.72,1,1.00543772191396,1.01386075348714
41.73,1,1.00522795285736,1.01349304031646
41.74,1,1.00517409865723,1.01312599398213
41.75,1,1.00500511145369,1.01279081672701
41.76,1,1.0046226105455,1.01241380042232
41.77,1,1.00416948801819,1.01188861550539
41.78,1,1.00388739938307,1.01122557541319
41.79,1,1.00386538525041,1.01059255080312
41.8,1,1.00394147978528,1.0101246546924
41.81,1,1.00385983605655,1.00983309732732
41.82,1,1.00358067990094,1.00966812730307
41.83,1,1.00334257137812,1.00959155666269
41.84,1,1.00338472659203,1.00959568069776
41.85,1,1.00367961345573,1.00969290514433
41.86,1,1.00399266772307,1.00988691326663
41.87,1,1.00421609019663,1.01005878188721
41.88,1,1.00451486848853,1.01003493639652
41.89,1,1.00505534609646,1.00983041890186
41.9,1,1.00575045513176,1.00965527225286
41.91,1,1.00631703337248,1.00969401079862
41.92,1,1.00654939714637,1.00993751787444
41.93,1,1.00654147737559,1.01020969131643
41.94,1,1.00659189748464,1.01038864895395
41.95,1,1.00692714196833,1.01051392869962
41.96,1,1.00751229026293,1.01071096878336
41.97,1,1.00811096088604,1.01106212416724
41.98,1,1.00850672066729,1.01150155162516
41.99,1,1.00862485206145,1.0119340193331
42,1,1.00856065157257,1.01237313220399
42.01,1,1.0085063560707,1.01285917640662
42.02,1,1.00856069706346,1.01338280314486
42.03,1,1.00866619233745,1.01392101081192
42.04,1,1.00872027988667,1.01447202539975
42.05,1,1.00868660761371,1.01499865948785
42.06,1,1.00862080368582,1.01540608466009
42.07,1,1.00860831237005,1.01564315361055
42.08,1,1.00868677611369,1.01576951172535
42.09,1,1.00884881124609,1.01587495341172
42.1,1,1.00904065013609,1.01598602502183
42.11,1,1.0092362989935,1.01611006115247
42.12,1,1.00951023042469,1.01626217435281
42.13,1,1.00987475287805,1.01641193273704
42.14,1,1.01016371218595,1.01646247569425
42.15,1,1.01021225815557,1.01635749875548
42.16,1,1.0100537493826,1.01619022404036
42.17,1,1.00986932748084,1.01613725183348
42.18,1,1.0097922444894,1.0162522638888
42.19,1,1.00977419687292,1.01637739497809
42.2,1,1.00967834561358,1.01628967208275
42.21,1,1.00945658549716,1.01589957122332
42.22,1,1.00920364207815,1.01529596689611
42.23,1,1.00907452229893,1.0146288322337
42.24,1,1.00917538735909,1.01398449392861
42.25,1,1.00944097692594,1.01332605243228
42.26,1,1.00961608383973,1.01256545413449
42.27,1,1.00950049325738,1.01169656263082
42.28,1,1.00916882215391,1.01080395601634
42.29,1,1.00888704693049,1.00999344523811
42.3,1,1.00885267763469,1.00929767711662
42.31,1,1.00897142785785,1.00863925718226
42.32,1,1.00892243478049,1.00792354443982
42.33,1,1.00851264759189,1.00708085191613
42.34,1,1.00786307678581,1.00607118993709
42.35,1,1.00726981505503,1.00494325553891
42.36,1,1.00695981250824,1.00384390323336
42.37,1,1.00691288241633,1.00291725726552
42.38,1,1.00687245361234,1.00218814321062
42.39,1,1.00657989208261,1.00149755615517
42.4,1,1.00604903198281,1.00061504517288
42.41,1,1.0055824156707,0.999529948398279
42.42,1,1.00548143429625,0.998534843341102
42.43,1,1.00571735079701,0.997910986681571
42.44,1,1.00593518762486,0.997605288259925
42.45,1,1.00579318505725,0.997315486393862
42.46,1,1.0052533567087,0.99678316805684
42.47,1,1.00464616958804,0.996015729776996
42.48,1,1.00439203960256,0.995280171340764
42.49,1,1.00456982961724,0.994838054259086
42.5,1,1.00485143014841,0.994752447257666
42.51,1,1.00488611586716,0.99489027314238
42.52,1,1.00471078679087,0.995049868622817
42.53,1,1.00467636637347,0.995141124600038
42.54,1,1.00504675360731,0.995238403431659
42.55,1,1.00566217297085,0.995486097738362
42.56,1,1.00610376027698,0.995934619557087
42.57,1,1.00622840673481,0.996449914068656
42.58,1,1.00628018114993,0.996885843854759
42.59,1,1.00655392042247,0.997233738512401
42.6,1,1.00707440937804,0.99755546541802
42.61,1,1.00759392069111,0.997883220961471
42.62,1,1.00783006409772,0.998188333229733
42.63,1,1.00770324490097,0.998450385412098
42.64,1,1.00744316187964,0.998706597748901
42.65,1,1.00739404314403,0.999021055274023
42.66,1,1.0076717189453,0.999458981561067
42.67,1,1.00811633967803,1.00003952598594
42.68,1,1.00850516234137,1.00073470516612
42.69,1,1.00871990067452,1.00145099234948
42.7,1,1.00880923855027,1.00200188874577
42.71,1,1.00889960176974,1.00230485458916
42.72,1,1.00907511977312,1.00252293441924
42.73,1,1.0093648846491,1.00289280626364
42.74,1,1.00968925761584,1.00353934936727
42.75,1,1.0098954547944,1.00441374673886
42.76,1,1.0099616211979,1.00528272555286
42.77,1,1.00999586466598,1.00589768636219
42.78,1,1.01004198268237,1.00624098133226
42.79,1,1.01005383310263,1.00655270155507
42.8,1,1.01001038632419,1.00708096899425
42.81,1,1.00993355454669,1.00780712111162
42.82,1,1.00983378329023,1.00847346746213
42.83,1,1.0096794537121,1.00888396235698
42.84,1,1.00942106267894,1.00913710213959
42.85,1,1.00907638998637,1.00950195962781
42.86,1,1.00874101263664,1.01011845792425
42.87,1,1.00849738690138,1.01082409744805
42.88,1,1.00833142894961,1.01124753239194
42.89,1,1.00816427209732,1.01116688788552
42.9,1,1.00789674886286,1.01078512276871
42.91,1,1.00742599682487,1.0105903794113
42.92,1,1.00673085821818,1.01091469369573
42.93,1,1.00597947518266,1.01162204904729
42.94,1,1.00551259604614,1.01223867312949
42.95,1,1.00547691190582,1.0123729590216
42.96,1,1.00561465763742,1.01204165214558
42.97,1,1.00553074823279,1.01163390702428
42.98,1,1.00509203801355,1.0115483280419
42.99,1,1.00456298304145,1.01182843382494
43,1,1.00430094811409,1.01213163180372
43.01,1,1.00440617075267,1.01205697315294
43.02,1,1.00461340303921,1.01153343014325
43.03,1,1.00454764430295,1.01091260947376
43.04,1,1.00414932272265,1.01058264514472
43.05,1,1.00371207177978,1.01053642130277
43.06,1,1.00358222756404,1.01040577119422
43.07,1,1.00383727247799,1.00989617488159
43.08,1,1.00420080940029,1.00915677905498
43.09,1,1.00432618502209,1.00864648349057
43.1,1,1.00409157686989,1.00865045708017
43.11,1,1.00368462104808,1.00898376816487
43.12,1,1.0034675850875,1.00915489621831
43.13,1,1.00362798738577,1.00886098406381
43.14,1,1.00393461627604,1.00832119509627
43.15,1,1.00396859402952,1.00800476576668
43.16,1,1.00357074767161,1.00813175899573
43.17,1,1.00296038218908,1.00850132464524
43.18,1,1.00253693112893,1.00869802193346
43.19,1,1.00252808942709,1.00848900626172
43.2,1,1.00277353379214,1.00805685494502
43.21,1,1.00290279381261,1.00780460980006
43.22,1,1.00269741769472,1.00792161578333
43.23,1,1.00229978741428,1.00819174298526
43.24,1,1.00206250926009,1.00822981923604
43.25,1,1.00220527616781,1.00786650421196
43.26,1,1.00267830161805,1.00735970578507
43.27,1,1.00323813800028,1.007193918893
43.28,1,1.00362955380328,1.00757684467817
43.29,1,1.0038085284715,1.00816818329232
43.3,1,1.00397157731605,1.00841301035018
43.31,1,1.0043185731883,1.00810529649583
43.32,1,1.00481365524274,1.00751694085924
43.33,1,1.0052949236947,1.00714805044432
43.34,1,1.00569890719672,1.00729179605646
43.35,1,1.0060859423476,1.00772617438817
43.36,1,1.00654721433532,1.00793095953841
43.37,1,1.00711138129134,1.00761684639366
43.38,1,1.00770992954628,1.00700287885731
43.39,1,1.00823349142199,1.00654311400083
43.4,1,1.0086465812485,1.00646966704287
43.41,1,1.00898940231506,1.00660534453495
43.42,1,1.00929449732369,1.00656229450131
43.43,1,1.00955572288213,1.00614189062951
43.44,1,1.00975839364212,1.00554176453956
43.45,1,1.00995343821625,1.00515398931188
43.46,1,1.01025346256499,1.00517657071124
43.47,1,1.0107166332309,1.00546683419132
43.48,1,1.01130840869997,1.00576895221536
43.49,1,1.01192140623282,1.00595765159751
43.5,1,1.01242749506499,1.00603156990032
43.51,1,1.01278653208788,1.00604860364496
43.52,1,1.01307360162543,1.00608372399845
43.53,1,1.01341279647131,1.00621446172648
43.54,1,1.0138609401888,1.00652178192438
43.55,1,1.01433701737686,1.00701386557116
43.56,1,1.01467521277078,1.00757119218405
43.57,1,1.0147618444623,1.0080529979151
43.58,1,1.01464346655476,1.00842140490347
43.59,1,1.01447165863757,1.00871657723443
43.6,1,1.01434303062271,1.0089297748542
43.61,1,1.01416970052511,1.00896928802298
43.62,1,1.01378656173619,1.008835473771
43.63,1,1.01320303305048,1.0086820995693
43.64,1,1.01260690924783,1.00864634537106
43.65,1,1.01215775540784,1.00870191152343
43.66,1,1.01188447420519,1.00871551111934
43.67,1,1.01167287907604,1.00861197387842
43.68,1,1.01133084998608,1.00841733964443
43.69,1,1.01074476180409,1.00818618798248
43.7,1,1.00998757532398,1.0079857357143
43.71,1,1.00925941230734,1.00794090298764
43.72,1,1.00869626036727,1.00810614213896
43.73,1,1.00830354132014,1.00831906505799
43.74,1,1.0080188650015,1.00835456544428
43.75,1,1.0077658027106,1.00813892646435
43.76,1,1.00746839631005,1.00778942885841
43.77,1,1.00708255993247,1.00752215334663
43.78,1,1.00664844814041,1.00747534621812
43.79,1,1.00626304626293,1.00753836507787
43.8,1,1.00598713977624,1.0074472078907
43.81,1,1.00580134284306,1.00713805594436
43.82,1,1.00562867703429,1.00684300421142
43.83,1,1.00535705044579,1.00680208597816
43.84,1,1.00492572912373,1.00699818152678
43.85,1,1.00448801392935,1.00718291204545
43.86,1,1.0043059640355,1.00714246051126
43.87,1,1.00440694583713,1.00692094833318
43.88,1,1.0045660688387,1.00679205714495
43.89,1,1.00452827560173,1.00696144934259
43.9,1,1.0041834122664,1.00737000970576
43.91,1,1.00369313239418,1.0077841997737
43.92,1,1.00334293966373,1.00799646017923
43.93,1,1.00325170536291,1.00802569158561
43.94,1,1.00328837720588,1.00806338180569
43.95,1,1.0032437764339,1.00824210181376
43.96,1,1.00307614652892,1.00851310606894
43.97,1,1.00296818876558,1.00873396043023
43.98,1,1.00308636848815,1.00889283298228
43.99,1,1.00335649479408,1.00910601589271
44,1,1.00357181416015,1.00938273000036
44.01,1,1.00360711333088,1.00959675790931
44.02,1,1.00348186315109,1.0096457583166
44.03,1,1.00330953036166,1.00955079178049
44.04,1,1.00321325686532,1.00945600787413
44.05,1,1.00325754519592,1.00950490784661
44.06,1,1.00338841922581,1.00970092497644
44.07,1,1.00346584739638,1.00989422470236
44.08,1,1.00343458276108,1.00992363618889
44.09,1,1.00337274501139,1.00978150870124
44.1,1,1.00341414102688,1.00963163038128
44.11,1,1.00361929379158,1.00964330141118
44.12,1,1.00382125197588,1.00978190163866
44.13,1,1.00377709896471,1.00985545250698
44.14,1,1.00347630724715,1.00977514813397
44.15,1,1.00319225919681,1.00965902888037
44.16,1,1.00322122429491,1.00968294832517
44.17,1,1.00360420759275,1.00993384198582
44.18,1,1.00408538714752,1.0103812874078
44.19,1,1.00430061286844,1.01087973615526
44.2,1,1.00413068288846,1.01126723758286
44.21,1,1.00387246733074,1.01149527997089
44.22,1,1.0039333940104,1.01162607816729
44.23,1,1.00444203371595,1.01177981920773
44.24,1,1.00515725788284,1.01198525897739
44.25,1,1.00569545746741,1.01212377021278
44.26,1,1.00591573456348,1.01212183394506
44.27,1,1.00604320295133,1.0120846239605
44.28,1,1.00643838135226,1.01218056074477
44.29,1,1.00723346961254,1.0124170521912
44.3,1,1.00815666837194,1.01257900120034
44.31,1,1.00881135070616,1.01248328286114
44.32,1,1.00910515728431,1.01225296960649
44.33,1,1.00928855897995,1.01221072263718
44.34,1,1.00963377633355,1.01247292894601
44.35,1,1.01015807615488,1.01281483617025
44.36,1,1.01062448626627,1.01297620123158
44.37,1,1.01077930545266,1.0129378045187
44.38,1,1.01062407434445,1.01289562909272
44.39,1,1.01045264427836,1.01296165579567
44.4,1,1.01056660777291,1.01302555839106
44.41,1,1.01097070362528,1.01296171392427
44.42,1,1.0113981788201,1.01275423527051
44.43,1,1.01158571750687,1.01245160127019
44.44,1,1.01146619772939,1.01214747758383
44.45,1,1.01120938031891,1.01193808401873
44.46,1,1.01113793682161,1.01180001451658
44.47,1,1.01143069006921,1.01158722519441
44.48,1,1.01188903723529,1.01122379868711
44.49,1,1.01216069896726,1.01082609344555
44.5,1,1.01212259301652,1.01059678959134
44.51,1,1.01188910203539,1.01064307216463
44.52,1,1.01161314461766,1.01089197425874
44.53,1,1.01143199613506,1.01113144676872
44.54,1,1.01145477608158,1.01119662977274
44.55,1,1.01165197978502,1.01111167171472
44.56,1,1.01183929248591,1.01098411386056
44.57,1,1.01185548046451,1.01083757406349
44.58,1,1.01172472213228,1.01063002168828
44.59,1,1.01164246934183,1.01034086590116
44.6,1,1.01176623134572,1.00997670954959
44.61,1,1.01206109066723,1.00960730138713
44.62,1,1.01234451005559,1.00927853856078
44.63,1,1.01244823740849,1.00891962621605
44.64,1,1.01239584570178,1.00845893320373
44.65,1,1.01239812167932,1.00792535269699
44.66,1,1.01260419927282,1.0074484051548
44.67,1,1.01290200584658,1.00715203614238
44.68,1,1.0130437008072,1.00702474426631
44.69,1,1.01291616839282,1.00692801761425
44.7,1,1.01266280721321,1.00670227943537
44.71,1,1.01255863031041,1.00628649527954
44.72,1,1.01272938848188,1.00577252784159
44.73,1,1.01298750547572,1.00532396077062
44.74,1,1.01297799997425,1.00503642689403
44.75,1,1.01253957252507,1.00488428352139
44.76,1,1.01184314250582,1.00475455013948
44.77,1,1.0112089858636,1.00452178337386
44.78,1,1.01084700705598,1.00421109879771
44.79,1,1.01073862773329,1.0040321554274
44.8,1,1.01069046169598,1.00415060816952
44.81,1,1.01047236853107,1.00443265043654
44.82,1,1.00998498130139,1.00453250385024
44.83,1,1.00932631357276,1.00428568600731
44.84,1,1.00868277820516,1.00388981469053
44.85,1,1.00813754100453,1.00369569567212
44.86,1,1.00763918739159,1.00387733309056
44.87,1,1.0071398895881,1.00427199987057
44.88,1,1.0066552009923,1.00448261909304
44.89,1,1.00620906789169,1.00421561453067
44.9,1,1.00581365915346,1.00363988395764
44.91,1,1.00552042313323,1.00326391519805
44.92,1,1.00536003081664,1.00342051572131
44.93,1,1.0052195300334,1.00391728209528
44.94,1,1.00495185139448,1.0041444937076
44.95,1,1.00457331471772,1.00364793808182
44.96,1,1.00422677897303,1.00261802276683
44.97,1,1.00402134387717,1.00175367798363
44.98,1,1.00392696323979,1.00159995617634
44.99,1,1.00375963319217,1.00205258195571
45,1,1.00339602976,1.00254929356776
45.01,1,1.00296794426972,1.00263664637601
45.02,1,1.00270274637632,1.00232348564831
45.03,1,1.00271214660532,1.00197677220427
45.04,1,1.00295139690013,1.00197339800502
45.05,1,1.00325379867514,1.00239545745368
45.06,1,1.00344752341268,1.00297654719319
45.07,1,1.00344250832762,1.00337593382477
45.08,1,1.00329147560135,1.00350856373314
45.09,1,1.00310529161971,1.00358081205677
45.1,1,1.00293035572013,1.00388643096039
45.11,1,1.0027899253918,1.00452354680305
45.12,1,1.00277237613468,1.0053048110965
45.13,1,1.0029690104641,1.00599277711988
45.14,1,1.00326688714783,1.00649157882305
45.15,1,1.00342290471665,1.00681108029044
45.16,1,1.0033252586561,1.00703447814496
45.17,1,1.00310371355368,1.00729880655847
45.18,1,1.00303244503316,1.00765433821291
45.19,1,1.00328941994942,1.00797854605103
45.2,1,1.0037594773261,1.00807261367183
45.21,1,1.00407156344181,1.00785989179453
45.22,1,1.00399640604848,1.00751811502937
45.23,1,1.00368772316154,1.00731792198294
45.24,1,1.00342065028694,1.00730627187265
45.25,1,1.00333879924663,1.00727670395481
45.26,1,1.00339276658453,1.00703912582137
45.27,1,1.00340077177052,1.00662690921265
45.28,1,1.00324515206738,1.00622211785459
45.29,1,1.00297537564424,1.00592846601572
45.3,1,1.00273823917667,1.00569133936815
45.31,1,1.0026582930728,1.00539361875553
45.32,1,1.0027198128991,1.0050151403319
45.33,1,1.00277194220879,1.00471437158438
45.34,1,1.00269808587998,1.00468906494987
45.35,1,1.00256089841965,1.00499716655955
45.36,1,1.0025049893124,1.00550876764497
45.37,1,1.00255453304124,1.00599126977391
45.38,1,1.00256558581211,1.00628797982969
45.39,1,1.00238424211206,1.00644722507839
45.4,1,1.00204294105812,1.00666179466343
45.41,1,1.00172117474282,1.00704706301262
45.42,1,1.00157597539107,1.00754783430997
45.43,1,1.00167018802966,1.00803922146935
45.44,1,1.0019347855598,1.00839400291289
45.45,1,1.00224920665795,1.00856077120254
45.46,1,1.00254631035472,1.00859899886308
45.47,1,1.00278951874016,1.00857136738873
45.48,1,1.00299484925265,1.00849151752992
45.49,1,1.00326046099842,1.00841558581114
45.5,1,1.00372578539581,1.00842889123278
45.51,1,1.00444937308407,1.00856394597539
45.52,1,1.00530440896769,1.00881958098075
45.53,1,1.00607773432389,1.00910565373562
45.54,1,1.00663518679463,1.00923514973225
45.55,1,1.00696787339383,1.00912572385378
45.56,1,1.00712492839681,1.00894372499815
45.57,1,1.00719694046007,1.00895319332528
45.58,1,1.00731745575747,1.00926830959685
45.59,1,1.00752545999607,1.00981619678523
45.6,1,1.00775884159575,1.01038873855233
45.61,1,1.0079844781432,1.01080994513945
45.62,1,1.00821874233375,1.0111033869768
45.63,1,1.00850387140386,1.01143197579575
45.64,1,1.00883386704546,1.01189331788561
45.65,1,1.00915397987452,1.01234593718283
45.66,1,1.00947034261952,1.01254095281527
45.67,1,1.00983656748503,1.01245743760101
45.68,1,1.01022202165978,1.01233131776625
45.69,1,1.01046842772203,1.01235497794044
45.7,1,1.01046133858385,1.01255534052752
45.71,1,1.01029942913394,1.01284488129892
45.72,1,1.01016835856731,1.01307813626543
45.73,1,1.01013521160953,1.01314694156582
45.74,1,1.01018333360635,1.01302228648779
45.75,1,1.01028923332104,1.01276993490629
45.76,1,1.01038449807675,1.01256444976834
45.77,1,1.01040002167644,1.01251764175075
45.78,1,1.01034371198128,1.01255847123562
45.79,1,1.01025380916533,1.01258245013783
45.8,1,1.01011391650972,1.0125607912897
45.81,1,1.00988350718451,1.01253020544553
45.82,1,1.00961448231396,1.01252014346917
45.83,1,1.00942136032932,1.01247241699708
45.84,1,1.00937707707161,1.01232500733363
45.85,1,1.00948193280214,1.01207683852107
45.86,1,1.0096228603891,1.01170982348142
45.87,1,1.0096425323011,1.01117548579359
45.88,1,1.00948845435992,1.01047952166553
45.89,1,1.00923190686818,1.00974137198576
45.9,1,1.00897264986079,1.00910795216295
45.91,1,1.00877901249338,1.00858358261797
45.92,1,1.00869792657633,1.00803047518398
45.93,1,1.0087188339915,1.00732360496768
45.94,1,1.0087434151972,1.00642521564619
45.95,1,1.00868680553597,1.00540329793751
45.96,1,1.00858258301126,1.00443277149931
45.97,1,1.00851516247806,1.00367312395369
45.98,1,1.00847601028676,1.00314004583224
45.99,1,1.00837564584479,1.00276488670063
46,1,1.00814180798943,1.00250358408471
46.01,1,1.00772864423683,1.00236276181008
46.02,1,1.00718829265351,1.00236148184705
46.03,1,1.00672564976961,1.0024661726921
46.04,1,1.00648034553918,1.00254802451587
46.05,1,1.00636072779433,1.00253127054768
46.06,1,1.00619428122989,1.0025056395847
46.07,1,1.00593265073418,1.00258731772595
46.08,1,1.00562681499857,1.00278102535637
46.09,1,1.00531670412737,1.00300958556326
46.1,1,1.00503936227635,1.00322943786877
46.11,1,1.00485206874194,1.00347908392429
46.12,1,1.0048487405978,1.00379082247558
46.13,1,1.00507309327072,1.00410401154899
46.14,1,1.00539641631287,1.00433561996604
46.15,1,1.00560727727346,1.00449491132903
46.16,1,1.00559812623941,1.00469945234573
46.17,1,1.00545518334955,1.00505303065219
46.18,1,1.00532937574283,1.00553973937643
46.19,1,1.00525595544708,1.00603822975949
46.2,1,1.00516557690446,1.00642936736644
46.21,1,1.00498526634582,1.00672733402877
46.22,1,1.00469721788625,1.00703093522882
46.23,1,1.00439663717521,1.00737952341292
46.24,1,1.0042808047041,1.00772713461565
46.25,1,1.00442109038592,1.00804047668215
46.26,1,1.00463430816236,1.00833098303382
46.27,1,1.00473035896398,1.00860158954366
46.28,1,1.00469853037049,1.00885883088411
46.29,1,1.00461044124053,1.00910601113394
46.3,1,1.00450144311968,1.00934388287801
46.31,1,1.0043861513802,1.00956177402797
46.32,1,1.00430453767479,1.00974253498024
46.33,1,1.00429982420488,1.0099090757134
46.34,1,1.00438377098452,1.01011295357374
46.35,1,1.00454502725225,1.0103577378215
46.36,1,1.00478939907394,1.01057810590032
46.37,1,1.0051123048864,1.01074504293139
46.38,1,1.00548548382805,1.01085650976483
46.39,1,1.00587834711597,1.01092113835138
46.4,1,1.006222063815,1.01102072115562
46.41,1,1.00647920564488,1.011226303637
46.42,1,1.00672352101593,1.01151959807215
46.43,1,1.0070417407275,1.01183240304439
46.44,1,1.00742103065387,1.01207658632145
46.45,1,1.00776719652595,1.01217290876718
46.46,1,1.00801971215278,1.0121314231139
46.47,1,1.00819023141672,1.01210734603744
46.48,1,1.00835699597908,1.01225809065872
46.49,1,1.00861785124339,1.01250306232554
46.5,1,1.00897875154694,1.01257035262416
46.51,1,1.00935096301455,1.01231853665321
46.52,1,1.00966859918932,1.01191224529789
46.53,1,1.00996688915758,1.01168671036176
46.54,1,1.01025266754524,1.01182699982643
46.55,1,1.01047869689827,1.0121390556579
46.56,1,1.01068165654329,1.01220665387284
46.57,1,1.01092643521954,1.01185460844621
46.58,1,1.01121373087073,1.01135635108835
46.59,1,1.01146116879391,1.01112829873857
46.6,1,1.01154603053197,1.01131242047794
46.61,1,1.01144777329753,1.01163967163137
46.62,1,1.01130171795072,1.01169969371298
46.63,1,1.01128092861137,1.01140050231229
46.64,1,1.01142605023119,1.01110203054197
46.65,1,1.01159297703544,1.01119652234638
46.66,1,1.01161566653749,1.01165013218491
46.67,1,1.01146725544253,1.01209230098582
46.68,1,1.01125632018541,1.01223510331573
46.69,1,1.01111266810701,1.0121151940396
46.7,1,1.01105626025327,1.01200649677442
46.71,1,1.01097365629584,1.01213204724245
46.72,1,1.01070719032455,1.01242750647348
46.73,1,1.0102210635474,1.01260044847201
46.74,1,1.00963934332664,1.01243387886556
46.75,1,1.0090839414128,1.01200812185133
46.76,1,1.0085922834298,1.01157122081487
46.77,1,1.00816405515591,1.01128011169086
46.78,1,1.00777377731808,1.0111081125585
46.79,1,1.00741219786058,1.01092313575047
46.8,1,1.00715573451922,1.01065406768061
46.81,1,1.00710300853707,1.01031590731419
46.82,1,1.00724004515228,1.00991675166858
46.83,1,1.00743387537428,1.00949477865093
46.84,1,1.00750947055663,1.00916614618089
46.85,1,1.00734405767712,1.00904700270583
46.86,1,1.00694036658729,1.00915781792713
46.87,1,1.0064177783815,1.00941421243133
46.88,1,1.00591979446521,1.00970276404392
46.89,1,1.00550903417097,1.00995575328503
46.9,1,1.00512684544643,1.01019182922313
46.91,1,1.00465131866359,1.01052254147937
46.92,1,1.0040567653463,1.01102317050475
46.93,1,1.00345645542613,1.01164247470962
46.94,1,1.00301677170026,1.01226361724132
46.95,1,1.00282170050511,1.01275847047236
46.96,1,1.00272050861651,1.01307231130102
46.97,1,1.00246161644333,1.01327165669212
46.98,1,1.0019510925683,1.01347438413487
46.99,1,1.00130062447581,1.01371744925715
47,1,1.00072963184403,1.01389876036548
47.01,1,1.00039122655084,1.01387081186447
47.02,1,1.00023556602915,1.01359729490426
47.03,1,1.00011154006367,1.01325412310379
47.04,1,0.999921816781495,1.01309437918409
47.05,1,0.999665138177798,1.0131428651089
47.06,1,0.999446584613672,1.0131752816493
47.07,1,0.999401329290743,1.01297946297349
47.08,1,0.999523731983603,1.012537958497
47.09,1,0.999668371920323,1.01200032891327
47.1,1,0.999776316730576,1.01154155456316
47.11,1,0.999948026036042,1.01123139998613
47.12,1,1.0002635135341,1.0109666203509
47.13,1,1.00064204594486,1.01060157678289
47.14,1,1.00094101021948,1.01013340566604
47.15,1,1.00113101395207,1.00966035600365
47.16,1,1.00133106016673,1.00926819005089
47.17,1,1.00167413061031,1.00901979258615
47.18,1,1.0021280724093,1.00893677921213
47.19,1,1.00253153661959,1.00894491916447
47.2,1,1.00277982016236,1.00887622742086
47.21,1,1.00289055938805,1.00855460330018
47.22,1,1.00297622033995,1.00795009183607
47.23,1,1.00319420560662,1.00722828706511
47.24,1,1.00363237920384,1.0066748607208
47.25,1,1.0042438531658,1.00647903399179
47.26,1,1.00491188206893,1.00652159764581
47.27,1,1.00553506571277,1.00648059777793
47.28,1,1.00601324475217,1.00611435596295
47.29,1,1.00628590350105,1.00551063531058
47.3,1,1.00644979718797,1.00505653700204
47.31,1,1.00667981598888,1.00509434570265
47.32,1,1.00706172769927,1.00558821757997
47.33,1,1.00755868419261,1.0060778189644
47.34,1,1.00802492207955,1.00609275275253
47.35,1,1.00833657647357,1.00562946649623
47.36,1,1.00857361562988,1.00513913021414
47.37,1,1.0088865416907,1.00508276374611
47.38,1,1.00926574268783,1.00547751736915
47.39,1,1.00961039974746,1.00585735689101
47.4,1,1.00990265054105,1.00573958325767
47.41,1,1.01021665781058,1.00515204971895
47.42,1,1.01061680829822,1.00457866745046
47.43,1,1.01107837723331,1.00445425819272
47.44,1,1.01149953227576,1.00477328867057
47.45,1,1.01180455596095,1.00513125769679
47.46,1,1.01199485996037,1.00517614823556
47.47,1,1.0120927685015,1.00497433402883
47.48,1,1.01207123860758,1.00487858581904
47.49,1,1.01193042718555,1.00516693528268
47.5,1,1.01177644943533,1.00580357791699
47.51,1,1.0117139789589,1.00647823492419
47.52,1,1.01174445299902,1.00694812451063
47.53,1,1.01178768418641,1.00723323391055
47.54,1,1.01177643920951,1.00744181254577
47.55,1,1.01170588046217,1.00762801655642
47.56,1,1.011595233446,1.00784113241381
47.57,1,1.01145433271491,1.00812567411805
47.58,1,1.01128604472397,1.00843406663017
47.59,1,1.01109320329592,1.00860023602397
47.6,1,1.01089929865492,1.00846889560026
47.61,1,1.0107706900461,1.008111644072
47.62,1,1.01074380999907,1.0078028096098
47.63,1,1.01073521465394,1.00774952479804
47.64,1,1.01061511693804,1.00792673130555
47.65,1,1.01036185074745,1.00811442601091
47.66,1,1.01007137147932,1.00809825349608
47.67,1,1.0098453375703,1.00789156072314
47.68,1,1.00974866659656,1.00773943341638
47.69,1,1.00974983046795,1.0078665279424
47.7,1,1.00966149948729,1.00823158551979
47.71,1,1.00925640762491,1.00859856772658
47.72,1,1.00848062653044,1.00877075418364
47.73,1,1.00754752429895,1.00871408019511
47.74,1,1.00679505687974,1.0085759766484
47.75,1,1.00636794629966,1.00857489999567
47.76,1,1.00603422531682,1.00877965973076
47.77,1,1.00547836767342,1.00902765677997
47.78,1,1.00466387882628,1.00911974691266
47.79,1,1.00379917305364,1.00907146622374
47.8,1,1.00311463626834,1.00910197912477
47.81,1,1.00268242959441,1.00936280023573
47.82,1,1.00238710391262,1.00976884471148
47.83,1,1.00210051405606,1.01011429464877
47.84,1,1.00181194103517,1.01029870590521
47.85,1,1.0015819133197,1.01043355446345
47.86,1,1.00148802418865,1.01072992570541
47.87,1,1.00156866969039,1.01125690017171
47.88,1,1.00173478520986,1.01184346582073
47.89,1,1.00185597766149,1.01224977417767
47.9,1,1.0019150172764,1.01240598228214
47.91,1,1.0019896401704,1.01248251087231
47.92,1,1.00216453149073,1.01268762459112
47.93,1,1.00243358766778,1.01303171323889
47.94,1,1.00270110289481,1.01336507152245
47.95,1,1.00285381330644,1.01353061564971
47.96,1,1.00282308654338,1.01345077337796
47.97,1,1.00273526922953,1.01318589140035
47.98,1,1.00285735943384,1.01293955995714
47.99,1,1.00326635082686,1.01297276821234
48,1,1.00371738943157,1.01337296262781
48.01,1,1.00389422883025,1.01392610744984
48.02,1,1.00375909013361,1.01433795977197
48.03,1,1.0035957439226,1.0144667742428
48.04,1,1.00373956001806,1.01436351924334
48.05,1,1.00425644342531,1.01417575468346
48.06,1,1.00481606567081,1.01402126532168
48.07,1,1.00503527718084,1.01393229496106
48.08,1,1.0049043247526,1.01388982875181
48.09,1,1.0047547907385,1.01388495386651
48.1,1,1.00490312696906,1.01386556624478
48.11,1,1.00540934140025,1.0137251737204
48.12,1,1.0061191943716,1.01345985583644
48.13,1,1.00678458222466,1.01318741384427
48.14,1,1.00724082698449,1.01300309125569
48.15,1,1.00753223255078,1.01293136494669
48.16,1,1.00778670180554,1.01292276219775
48.17,1,1.00799173151766,1.01288615161274
48.18,1,1.00801923322737,1.01277517287714
48.19,1,1.00787549309963,1.01263501160188
48.2,1,1.0077427967338,1.01253771911406
48.21,1,1.00777913472589,1.01244967448989
48.22,1,1.00802578195425,1.01230379061833
48.23,1,1.00836255063339,1.01217104381699
48.24,1,1.00854641870404,1.01217669114898
48.25,1,1.00848312164787,1.01232627504229
48.26,1,1.00835403827863,1.01246420720167
48.27,1,1.00837442099652,1.01238050984793
48.28,1,1.00851585347916,1.01199685988176
48.29,1,1.00859185066797,1.01145788430611
48.3,1,1.00849826273625,1.01097442093505
48.31,1,1.00828160329896,1.01058377637816
48.32,1,1.00801687297175,1.01017398204727
48.33,1,1.00769265400596,1.00971293861763
48.34,1,1.00731396071391,1.00927713541883
48.35,1,1.0069775915933,1.00888535207749
48.36,1,1.00680679604113,1.00848333343277
48.37,1,1.00682866329349,1.00806040709424
48.38,1,1.00689158842343,1.00763814288125
48.39,1,1.00681126994169,1.0071779610625
48.4,1,1.00659055367455,1.00664788329695
48.41,1,1.00641483570755,1.00613106929861
48.42,1,1.00647739719496,1.00574214162025
48.43,1,1.00679643682364,1.00551563384736
48.44,1,1.00712882215666,1.00535105321405
48.45,1,1.00715345365856,1.00503835096921
48.46,1,1.00684102523673,1.00450017594865
48.47,1,1.00648423402609,1.00391907577585
48.48,1,1.00635647288158,1.00351670836362
48.49,1,1.00645979610336,1.00330016226195
48.5,1,1.00663312041112,1.00308478297573
48.51,1,1.00675295096635,1.00271515654627
48.52,1,1.00676513076442,1.0022039186947
48.53,1,1.00667436899075,1.00169694827767
48.54,1,1.0065553582028,1.00131854117312
48.55,1,1.00650990370788,1.00107917908852
48.56,1,1.00650600733041,1.00088291069763
48.57,1,1.00638948115266,1.00060088328808
48.58,1,1.00612566217689,1.00019853867897
48.59,1,1.00591211241985,0.99975767636772
48.6,1,1.00595368909463,0.999433224187555
48.61,1,1.00621540815496,0.999335243304059
48.62,1,1.00646410987563,0.999368145816445
48.63,1,1.00650981254837,0.999322636579827
48.64,1,1.00641696506309,0.999135970049079
48.65,1,1.0064625878849,0.998998125743233
48.66,1,1.00683797739818,0.999137483407798
48.67,1,1.00744755116554,0.999509625242574
48.68,1,1.00804105796533,0.999796677158936
48.69,1,1.00847359279885,0.999744498452122
48.7,1,1.0088345239482,0.999395178156532
48.71,1,1.00933206468695,0.999024573400964
48.72,1,1.01002100725821,0.998912585951888
48.73,1,1.01066129427249,0.999130670289449
48.74,1,1.01097777972766,0.999467081497347
48.75,1,1.01100943749086,0.999603336565998
48.76,1,1.01106886119688,0.999438851046663
48.77,1,1.01143797644628,0.99914792931895
48.78,1,1.01208429467223,0.998958860870465
48.79,1,1.01261732885898,0.9989571825399
48.8,1,1.0126430258009,0.999090709509321
48.81,1,1.01220594808961,0.999237213520309
48.82,1,1.01170193407122,0.999314816489748
48.83,1,1.01145717826423,0.999394337838068
48.84,1,1.01150055218092,0.99958487246127
48.85,1,1.01160438068672,0.999912218468792
48.86,1,1.01154365267803,1.00034721199251
48.87,1,1.0113200295201,1.0008429831887
48.88,1,1.01110794812157,1.00129684235667
48.89,1,1.01103424039594,1.00159959508062
48.9,1,1.01103765751881,1.00175500599371
48.91,1,1.01094409294331,1.00183689343016
48.92,1,1.0106566443491,1.00188482053915
48.93,1,1.01030225383861,1.0018983682752
48.94,1,1.010106225433,1.00188917408905
48.95,1,1.0100970141432,1.00189260202617
48.96,1,1.01005564087112,1.00194256211773
48.97,1,1.00973684120587,1.00206613565802
48.98,1,1.00917718777711,1.002256600711
48.99,1,1.00869482607535,1.00245228496866
49,1,1.00852462021322,1.00254329488114
49.01,1,1.00860933737218,1.00240130022236
49.02,1,1.00873095555766,1.00203027783629
49.03,1,1.00871791811407,1.00163492753311
49.04,1,1.00857471269589,1.00144133888188
49.05,1,1.00847389828464,1.00149919858747
49.06,1,1.00859880104054,1.00167786773581
49.07,1,1.00893251251183,1.00183017853667
49.08,1,1.00924082077191,1.00191581872587
49.09,1,1.00934602037212,1.00200282222928
49.1,1,1.00933153610984,1.00220079458018
49.11,1,1.00940799480334,1.00253578444167
49.12,1,1.00965147212963,1.00290900281109
49.13,1,1.00993588149024,1.00318222570743
49.14,1,1.01011684925789,1.00332028130045
49.15,1,1.01016864299016,1.00347820996014
49.16,1,1.01013950866371,1.00386107207908
49.17,1,1.01011559112615,1.00449059467431
49.18,1,1.01014865742694,1.00514756308757
49.19,1,1.01018300069036,1.0055945720606
49.2,1,1.01008798557278,1.00582585681298
49.21,1,1.00979052410811,1.00600701290719
49.22,1,1.00938646218206,1.00627812742555
49.23,1,1.00904008996919,1.00667655073866
49.24,1,1.00881182779441,1.00713287214163
49.25,1,1.00858181989448,1.0074973608776
49.26,1,1.00815697423928,1.00764843036963
49.27,1,1.00750409348044,1.00765899438245
49.28,1,1.00684798475759,1.00775180125318
49.29,1,1.00645832555418,1.00806222028838
49.3,1,1.00635852903103,1.00850593669037
49.31,1,1.00627514530901,1.00885117263092
49.32,1,1.00587866781707,1.00898224071407
49.33,1,1.00509814178818,1.00899713295903
49.34,1,1.00422598525216,1.00903308372364
49.35,1,1.00371264476536,1.00915224081515
49.36,1,1.00369039537977,1.00931911918505
49.37,1,1.00379805871981,1.00942336770465
49.38,1,1.00358055053661,1.00939345490826
49.39,1,1.00291899789181,1.00928975892994
49.4,1,1.00208252342451,1.00920312800423
49.41,1,1.00145520920478,1.00908356334843
49.42,1,1.00122393363073,1.0088133758877
49.43,1,1.001202077013,1.00840187671133
49.44,1,1.00101353400392,1.00802350404345
49.45,1,1.00051883128773,1.00782711237123
49.46,1,0.999960400355113,1.00769466357309
49.47,1,0.999619261844476,1.00734065313275
49.48,1,0.999436942415665,1.00666842515391
49.49,1,0.999160377012414,1.00586103901034
49.5,1,0.998705858383179,1.00514467954957
49.51,1,0.998215400959954,1.00465898661362
49.52,1,0.997904581635547,1.00445120502065
49.53,1,0.997907615864981,1.00442349372641
49.54,1,0.998129662998379,1.00439593044387
49.55,1,0.998282420874718,1.00427026645521
49.56,1,0.998182884531033,1.00408413946049
49.57,1,0.997932818223676,1.00394529701646
49.58,1,0.997826477014211,1.00388473777786
49.59,1,0.998062968850557,1.00381700040569
49.6,1,0.998508908458728,1.00369237999907
49.61,1,0.998854660874527,1.00358648610153
49.62,1,0.998915034047861,1.00358157296811
49.63,1,0.998813928428574,1.00364982217544
49.64,1,0.998904452750158,1.00373698171511
49.65,1,0.999363502057036,1.00385130826585
49.66,1,0.99999711740799,1.00400886234643
49.67,1,1.0004751276336,1.00422059925498
49.68,1,1.00064545030236,1.00447563572235
49.69,1,1.00067177255694,1.00466314709433
49.7,1,1.00085496325517,1.00469905434871
49.71,1,1.00130526530309,1.00468731899899
49.72,1,1.00187016614475,1.00478775365376
49.73,1,1.00230705977102,1.0049935160189
49.74,1,1.00249080788486,1.00512113685216
49.75,1,1.00257202918433,1.00501737842685
49.76,1,1.0028759769863,1.00478019830998
49.77,1,1.00358132991922,1.0046441105152
49.78,1,1.0045154677761,1.00466844663664
49.79,1,1.00528412818015,1.00470308836971
49.8,1,1.00563171799461,1.00460071364238
49.81,1,1.00565588189516,1.00436750777123
49.82,1,1.0056961466904,1.00414526693681
49.83,1,1.00605506074585,1.00405904907591
49.84,1,1.00676195319994,1.0040511938017
49.85,1,1.00755642782778,1.00396480777959
49.86,1,1.0081167384414,1.00378359153368
49.87,1,1.00832734909947,1.00368806962576
49.88,1,1.00832299762593,1.00384500285274
49.89,1,1.00836619437177,1.00415186621655
49.9,1,1.0086922270091,1.00427278194705
49.91,1,1.00933333056964,1.00399078130814
49.92,1,1.01003610512914,1.00345589741326
49.93,1,1.01044654992605,1.00300285211453
49.94,1,1.01043326469458,1.00279294753575
49.95,1,1.01020846939702,1.00270629395749
49.96,1,1.01010205973779,1.00250637028468
49.97,1,1.01022448155104,1.00207326053915
49.98,1,1.01040530362826,1.00147983124409
49.99,1,1.0104048441668,1.00085712944128
50,1,1.01014343672666,1.00031518211596
50.01,1,1.00973814250031,0.999923112834124
50.02,1,1.0093818633266,0.999656887180595
50.03,1,1.00918091770482,0.999400249894217
50.04,1,1.00905544915814,0.999017918278796
50.05,1,1.00880473357747,0.998475887143508
50.06,1,1.00831317305923,0.997882749273759
50.07,1,1.00768035057896,0.997420137947416
50.08,1,1.00715498863942,0.99719626306607
50.09,1,1.00693228860327,0.997152248257562
50.1,1,1.00695235708801,0.997120995294178
50.11,1,1.00696613556579,0.996948059522265
50.12,1,1.00676592240099,0.996622632963231
50.13,1,1.00635970120921,0.996288733047053
50.14,1,1.00596013872826,0.996142045768644
50.15,1,1.00577759985153,0.996350462984974
50.16,1,1.00581303799471,0.996922312743378
50.17,1,1.00586957850948,0.997592982732521
50.18,1,1.0057929933,0.998030310459215
50.19,1,1.00560427132484,0.998175006016356
50.2,1,1.0054360532597,0.998277201302681
50.21,1,1.00539883407236,0.998633660907381
50.22,1,1.00546765435724,0.999309866554591
50.23,1,1.0055232125011,1.00006741036838
50.24,1,1.00551819886946,1.00059324225903
50.25,1,1.0055105459798,1.00088206565823
50.26,1,1.00551458506093,1.0012969352739
50.27,1,1.00547026477681,1.00210769764153
50.28,1,1.00534721831483,1.00312524656825
50.29,1,1.00521001529607,1.00394578218119
50.3,1,1.00515607102841,1.00441659214229
50.31,1,1.00518471253907,1.00476588940214
50.32,1,1.00519833763785,1.00530609590228
50.33,1,1.00513499314661,1.00606969979096
50.34,1,1.00504729288445,1.00678938574375
50.35,1,1.00501038742656,1.00721304180627
50.36,1,1.00499992636731,1.00736957016888
50.37,1,1.00490421636094,1.00752180372275
50.38,1,1.00466606621736,1.00791472566517
50.39,1,1.0043845347237,1.00852121588465
50.4,1,1.0042340222192,1.00907605864949
50.41,1,1.00426586270075,1.00938845018165
50.42,1,1.00429829500795,1.00947282064302
50.43,1,1.00406839754223,1.00947906078377
50.44,1,1.00354749025178,1.00959591502175
50.45,1,1.00301461471916,1.00986774140917
50.46,1,1.00276249164651,1.01014548599029
50.47,1,1.00280781429818,1.01026998854746
50.48,1,1.00287211361651,1.01025175030847
50.49,1,1.00266040574893,1.01026316624597
50.5,1,1.00219459889367,1.01043668110257
50.51,1,1.0017815014231,1.01075283848913
50.52,1,1.0016824115774,1.01113252868356
50.53,1,1.00188837488461,1.01146648188341
50.54,1,1.00217648237283,1.01158223229035
50.55,1,1.00233603477175,1.01138957203432
50.56,1,1.00234557164481,1.01095329518261
50.57,1,1.00233466159306,1.01041010595687
50.58,1,1.00242070771328,1.00992746840201
50.59,1,1.00262758728452,1.00959638973891
50.6,1,1.00291111466076,1.00934477834349
50.61,1,1.00321679457365,1.00900759459162
50.62,1,1.00353137129711,1.00844664816102
50.63,1,1.0038765635323,1.00766582787625
50.64,1,1.00421304370333,1.00690151514911
50.65,1,1.00443196428991,1.00645746221812
50.66,1,1.00453468018887,1.00635729778422
50.67,1,1.00470861915428,1.0062922291351
50.68,1,1.00510195357129,1.00594027660905
50.69,1,1.00563682424588,1.00529346551933
50.7,1,1.00607343190183,1.00470693261749
50.71,1,1.00630181939403,1.00456152422375
50.72,1,1.00653947504545,1.00483980861003
50.73,1,1.00707595676778,1.00509551376592
50.74,1,1.00790924162631,1.00489996603798
50.75,1,1.00876671992564,1.00428823830323
50.76,1,1.00938898880934,1.00370936035597
50.77,1,1.00972302580876,1.00357265205559
50.78,1,1.00991836248679,1.00386093851557
50.79,1,1.01019107007289,1.00417136475638
50.8,1,1.01059746644851,1.00414143198929
50.81,1,1.0109363149639,1.00382246681036
50.82,1,1.01099797038936,1.00358950693887
50.83,1,1.0108474551672,1.00372358559508
50.84,1,1.01076664062013,1.00418168885733
50.85,1,1.01096772909564,1.0047150684377
50.86,1,1.01135813245171,1.00510619069476
50.87,1,1.01158220472574,1.00530653476052
50.88,1,1.01139120359602,1.00538898399599
50.89,1,1.01091879464974,1.00537192742944
50.9,1,1.01056615565204,1.00523549191573
50.91,1,1.01061622418102,1.00506345885439
50.92,1,1.01093673987422,1.00498532805139
50.93,1,1.01109542729713,1.0050663278129
50.94,1,1.01081459350187,1.00523224812138
50.95,1,1.01025863238534,1.00530536413336
50.96,1,1.00984297396646,1.00518120269767
50.97,1,1.00980751300631,1.00491795188705
50.98,1,1.00998312339977,1.00468313753962
50.99,1,1.00997272602171,1.00461338289154
51,1,1.00954191464888,1.00470312932672
51.01,1,1.00882172141174,1.00482769864397
51.02,1,1.00814694804276,1.00483173224082
51.03,1,1.0077605864924,1.0045989594991
51.04,1,1.00765800766927,1.00415293882793
51.05,1,1.00759913675552,1.00370560215693
51.06,1,1.00733220027773,1.00350396455654
51.07,1,1.0068340486309,1.00359357575347
51.08,1,1.00629713385709,1.00371390327864
51.09,1,1.00593694002648,1.00349349633429
51.1,1,1.00578150004042,1.00285632667506
51.11,1,1.00565684477353,1.0021415028279
51.12,1,1.00536368497519,1.00174386929638
51.13,1,1.00482507664096,1.00172594162215
51.14,1,1.00418025693513,1.00178928820569
51.15,1,1.00372658327743,1.0015704724755
51.16,1,1.00361672244388,1.00097680049806
51.17,1,1.00368287536185,1.0002821278826
51.18,1,1.00365343544133,0.999860613786804
51.19,1,1.00345739173861,0.999806331287816
51.2,1,1.00322960096014,0.999892075410336
51.21,1,1.00306451186782,0.999854674106681
51.22,1,1.00289735238203,0.999658057192833
51.23,1,1.00267083012872,0.999510642891841
51.24,1,1.00246366421982,0.999634882928003
51.25,1,1.0023931054027,1.0000282551475
51.26,1,1.00247081808504,1.00050405672525
51.27,1,1.00256094959654,1.00092880325543
51.28,1,1.00253095086373,1.00130766889501
51.29,1,1.00240428270679,1.00171861307026
51.3,1,1.00231834398834,1.00222635688261
51.31,1,1.00237949213547,1.00278865132248
51.32,1,1.00259207558713,1.00325777098691
51.33,1,1.00284989762296,1.00355644761929
51.34,1,1.00299363811288,1.00379479366353
51.35,1,1.00292121826757,1.00414109686934
51.36,1,1.00263624557951,1.00464597906891
51.37,1,1.00229055853222,1.00521831235691
51.38,1,1.00213310888782,1.00572950171164
51.39,1,1.00225612741112,1.00615759527036
51.4,1,1.00244224908875,1.00656351990471
51.41,1,1.00238673039678,1.00693980607797
51.42,1,1.00206144017388,1.00719002583848
51.43,1,1.00176435548261,1.00726693820415
51.44,1,1.00176334060657,1.00726896657545
51.45,1,1.00198080485498,1.00734084630726
51.46,1,1.00207520920842,1.00752012409251
51.47,1,1.00187032452412,1.00771419214157
51.48,1,1.0015507061734,1.0078523787551
51.49,1,1.00139271440589,1.00797365648286
51.5,1,1.00146250145196,1.00816613128656
51.51,1,1.00162012104195,1.00845062202047
51.52,1,1.00173867534243,1.00874178894702
51.53,1,1.00181449244912,1.00899654347648
51.54,1,1.00190128245714,1.00926892563872
51.55,1,1.00201528101973,1.00959603140786
51.56,1,1.00214518096053,1.00993219064351
51.57,1,1.00227003548423,1.01020070123947
51.58,1,1.00235685448268,1.01034996011861
51.59,1,1.00240623293229,1.01040156838159
51.6,1,1.0024458573112,1.01044446183345
51.61,1,1.00247224587026,1.01054035777594
51.62,1,1.00242118295983,1.0106633225666
51.63,1,1.00222098889971,1.01070017465426
51.64,1,1.00187350406706,1.01053150403259
51.65,1,1.00147545007301,1.01012813223512
51.66,1,1.0011669547107,1.00961004103913
51.67,1,1.00097884558636,1.00919367424403
51.68,1,1.00080421609747,1.00900430440423
51.69,1,1.0005373258389,1.00897076943172
51.7,1,1.00017758730079,1.0089244971574
51.71,1,0.999827826603316,1.00876032222254
51.72,1,0.999546965295635,1.00846435007086
51.73,1,0.999269145913839,1.00806707125381
51.74,1,0.998884525495528,1.00757800948518
51.75,1,0.998394809616515,1.00697246407586
51.76,1,0.997946956790218,1.00628342523559
51.77,1,0.997692919908646,1.00563112401339
51.78,1,0.997670874772217,1.00513329944882
51.79,1,0.997791853139928,1.00476429302852
51.8,1,0.997907203391589,1.00435739135484
51.81,1,0.997879047680952,1.00380053122967
51.82,1,0.997694340084577,1.00314739693967
51.83,1,0.997478892207174,1.00255409355823
51.84,1,0.997328915754985,1.00210688620997
51.85,1,0.997223575274433,1.00173018175774
51.86,1,0.997110682964938,1.00129090717678
51.87,1,0.997030442194612,1.00079829734925
51.88,1,0.997100848066661,1.00041540786875
51.89,1,0.997368404760569,1.00026832063427
51.9,1,0.997725026575737,1.0002943418094
51.91,1,0.998016552574145,1.00029047666327
51.92,1,0.998160946611688,1.00015137420111
51.93,1,0.998161657792316,0.999997599663516
51.94,1,0.998124987760383,1.00000811648342
51.95,1,0.998187425733819,1.00018973905473
51.96,1,0.998391462020872,1.00038827495427
51.97,1,0.998682751873021,1.0004423210043
51.98,1,0.999029166786025,1.00029855817975
51.99,1,0.999437195047492,1.00006704515488
52,1,0.999848771469509,0.999927517918348
52.01,1,1.00016005505131,0.999968022529311
52.02,1,1.00034741605452,1.00018325433867
52.03,1,1.00050094730809,1.00052077101781
52.04,1,1.00067508815223,1.00089391956983
52.05,1,1.00081915350613,1.00124471695389
52.06,1,1.00089000873739,1.00158277002836
52.07,1,1.00094097849028,1.00189428052405
52.08,1,1.00102756355205,1.00205842112579
52.09,1,1.00109298835626,1.00197338785322
52.1,1,1.00103477203289,1.00170425568429
52.11,1,1.00082550856937,1.00140535746312
52.12,1,1.00056317030143,1.00119252834788
52.13,1,1.00036639449683,1.00107450455178
52.14,1,1.00024193931489,1.00092077418075
52.15,1,1.00011800805269,1.00061332464962
52.16,1,0.99996054494947,1.00025399689722
52.17,1,0.999840155770561,1.00006987154378
52.18,1,0.999875682176991,1.0001513875816
52.19,1,1.00013230900527,1.00039308414848
52.2,1,1.00057379349876,1.0006032129459
52.21,1,1.00108816257265,1.00064520620893
52.22,1,1.00157955885759,1.00054771491689
52.23,1,1.00198564222933,1.00047563302021
52.24,1,1.0022424181278,1.0005441638766
52.25,1,1.00237788350709,1.00068471694828
52.26,1,1.00253794737945,1.00074910376508
52.27,1,1.00282043429415,1.00068073752595
52.28,1,1.0031679376908,1.00053249202588
52.29,1,1.00339419613659,1.00043438162985
52.3,1,1.00336462544084,1.00055418396172
52.31,1,1.00320349881444,1.00094968412177
52.32,1,1.00316228235222,1.0014929956174
52.33,1,1.00330188598097,1.00200304944597
52.34,1,1.00345461060735,1.00238348479421
52.35,1,1.00341041781989,1.00266707103938
52.36,1,1.00312650899791,1.00296885538316
52.37,1,1.00275008620769,1.00338530214836
52.38,1,1.00245835661129,1.0039135817694
52.39,1,1.00233757968236,1.00440497186846
52.4,1,1.00234825079295,1.00467365506964
52.41,1,1.00234782005887,1.00473583657498
52.42,1,1.00221451471811,1.00481847676704
52.43,1,1.00199022180782,1.00503524759605
52.44,1,1.00188039747434,1.00525690050074
52.45,1,1.00206397930607,1.00533357655137
52.46,1,1.00245323548563,1.00528778118871
52.47,1,1.0027655944019,1.00525266113998
52.48,1,1.00281700855489,1.00531630546479
52.49,1,1.00270165564872,1.00546476212348
52.5,1,1.00269037038909,1.00561209108431
52.51,1,1.0029121667563,1.00566537143886
52.52,1,1.00316578099078,1.00560595550364
52.53,1,1.0031451169326,1.00547402258284
52.54,1,1.00281810183146,1.00531765598069
52.55,1,1.00248397871305,1.00518255177776
52.56,1,1.00247207731665,1.00504020877254
52.57,1,1.00278476003732,1.0048156498619
52.58,1,1.00310873178306,1.00450984761135
52.59,1,1.00316994923134,1.00424220085279
52.6,1,1.00296542325218,1.00414877309123
52.61,1,1.0027070970817,1.00422681398554
52.62,1,1.00264048734313,1.00432981390109
52.63,1,1.00284507471671,1.00436538370469
52.64,1,1.00316754426572,1.00439864988819
52.65,1,1.00338197066485,1.00446579085611
52.66,1,1.0034104113897,1.00443816952841
52.67,1,1.00337250248104,1.00415428966521
52.68,1,1.0034582344068,1.00361404520621
52.69,1,1.00378404584169,1.00296438712736
52.7,1,1.0042710628666,1.00232317310281
52.71,1,1.00463461108682,1.00167109621424
52.72,1,1.00462633582549,1.00097922911205
52.73,1,1.00433758758087,1.00033957142721
52.74,1,1.00417135838471,0.999826035755359
52.75,1,1.00446294023735,0.999352885785391
52.76,1,1.00516176863442,0.998805089489489
52.77,1,1.005838560559,0.998204273261437
52.78,1,1.00608581762054,0.99766545903043
52.79,1,1.00597282175442,0.9973060096022
52.8,1,1.00593398315247,0.997176328251481
52.81,1,1.00625652587035,0.997182399965452
52.82,1,1.00682286576299,0.997175983227066
52.83,1,1.00729148390679,0.997113185087869
52.84,1,1.0074612593106,0.99701982642692
52.85,1,1.00741014958473,0.99694094676139
52.86,1,1.00728634751201,0.99694486993247
52.87,1,1.0071759391323,0.997094675078478
52.88,1,1.00716838422506,0.997420175247861
52.89,1,1.00729894702724,0.9978737364618
52.9,1,1.00748856365156,0.9983580666361
52.91,1,1.00762486414391,0.998774562730694
52.92,1,1.00761720048459,0.999095991340532
52.93,1,1.00745059406412,0.999423525952325
52.94,1,1.00722889540104,0.999896446356498
52.95,1,1.00710789824316,1.00057542452028
52.96,1,1.00713721117789,1.0013719987355
52.97,1,1.00721339081787,1.00211374919278
52.98,1,1.00720463708546,1.00272049491936
52.99,1,1.00707395199202,1.00329002339487
53,1,1.00693597830817,1.00396509155814
53.01,1,1.00693070623684,1.00477600817593
53.02,1,1.00701232368464,1.00565327598392
53.03,1,1.0069850984853,1.00649675927634
53.04,1,1.00672190677155,1.00720583538035
53.05,1,1.00628286024122,1.00771475374951
53.06,1,1.0058414393167,1.00803790759207
53.07,1,1.00551585074668,1.0082635454899
53.08,1,1.00527540381308,1.00850718506924
53.09,1,1.00502189452049,1.00883315224295
53.1,1,1.00472911075339,1.00920540910659
53.11,1,1.00445193871625,1.00956730266818
53.12,1,1.00424715324312,1.0098735040023
53.13,1,1.00416501215427,1.01002009353771
53.14,1,1.0042144846065,1.00995085210412
53.15,1,1.00425218899116,1.00981870654786
53.16,1,1.00403033588312,1.00988598136541
53.17,1,1.00346221665095,1.01024383036405
53.18,1,1.0027679980657,1.01068770440076
53.19,1,1.00225711259806,1.01087599763688
53.2,1,1.00203668256289,1.01065887088316
53.21,1,1.00199540553145,1.0102427007468
53.22,1,1.00194996456852,1.00995417290936
53.23,1,1.0017773225504,1.00987539439669
53.24,1,1.00154618392239,1.00981662941161
53.25,1,1.0015092329677,1.00962224108177
53.26,1,1.00186514255019,1.00932915806304
53.27,1,1.00249826580056,1.00909064494144
53.28,1,1.00301248281823,1.00899302196347
53.29,1,1.00311679239141,1.00897068130593
53.3,1,1.00291356066158,1.008945148741
53.31,1,1.00274105483352,1.00886065387519
53.32,1,1.00285593413485,1.00869537501934
53.33,1,1.00325860299997,1.00851803008378
53.34,1,1.00370591521237,1.00840151917374
53.35,1,1.00390441637666,1.00833388278124
53.36,1,1.00375278363782,1.00821689800945
53.37,1,1.00347919055678,1.00798441496524
53.38,1,1.00343171843865,1.00772896452174
53.39,1,1.00367376550629,1.00763483372846
53.4,1,1.00398889321292,1.00771903592079
53.41,1,1.00418913394088,1.00775857086176
53.42,1,1.00424816846838,1.00752983945285
53.43,1,1.00427391635022,1.0070049081389
53.44,1,1.0043746866904,1.00639208772073
53.45,1,1.00453525838552,1.00600168062128
53.46,1,1.00467847600418,1.00594388214566
53.47,1,1.00478366009118,1.0059948699573
53.48,1,1.00487528423777,1.0058707897156
53.49,1,1.0049492076587,1.00553078367651
53.5,1,1.00501722341888,1.00511425949416
53.51,1,1.00512437557212,1.00472538787007
53.52,1,1.0052407543327,1.00438737590545
53.53,1,1.00530418630047,1.00408557613855
53.54,1,1.00533049917828,1.00377546531597
53.55,1,1.00542862618357,1.0034263398887
53.56,1,1.00567582685039,1.00307942575191
53.57,1,1.00597061770787,1.00282676359224
53.58,1,1.00612856969448,1.00270366180626
53.59,1,1.00608059005809,1.00261316493397
53.6,1,1.00592006933487,1.00240215347133
53.61,1,1.00577271044224,1.00200377309272
53.62,1,1.00567662575077,1.00149547086273
53.63,1,1.00560591407158,1.00100909007845
53.64,1,1.00556414640304,1.00059686134211
53.65,1,1.00556796353689,1.00026356586728
53.66,1,1.00555175229604,1.00002835055958
53.67,1,1.00543522367148,0.999821709286333
53.68,1,1.00526690596504,0.999508545241739
53.69,1,1.0052276838033,0.9990479544452
53.7,1,1.00547585310686,0.99854695587091
53.71,1,1.00596754912093,0.998197968327728
53.72,1,1.0064627695719,0.998157123888074
53.73,1,1.00674008688319,0.998426193346296
53.74,1,1.0068065747938,0.99883063280904
53.75,1,1.00686607528221,0.99915732165855
53.76,1,1.00708146177456,0.99931470000039
53.77,1,1.00740370214653,0.999350610175641
53.78,1,1.00765554307757,0.999390895339369
53.79,1,1.00777435826796,0.999560346080159
53.8,1,1.00788473580356,0.999852152387856
53.81,1,1.00813776318643,1.00010574140366
53.82,1,1.00854936803381,1.00021429483568
53.83,1,1.00897383488251,1.00022633104523
53.84,1,1.00921389491711,1.00023661596879
53.85,1,1.00922021423026,1.00034831718395
53.86,1,1.00920188979353,1.0006684399334
53.87,1,1.00943650612251,1.00120847934319
53.88,1,1.00996109598969,1.00185070050744
53.89,1,1.01054843309424,1.00242536887334
53.9,1,1.01098759751949,1.00282344799521
53.91,1,1.01129081551781,1.00309874888407
53.92,1,1.01157806448071,1.00348716273221
53.93,1,1.01185881930372,1.00420179000123
53.94,1,1.01202764159742,1.00518036001074
53.95,1,1.01202445922854,1.00613533972712
53.96,1,1.01198174732902,1.00684193233193
53.97,1,1.01209770709877,1.00732392603548
53.98,1,1.01236511330052,1.00780451359919
53.99,1,1.01256101426481,1.0084543113643
54,1,1.01253089877739,1.00915275107357
54.01,1,1.01237715050479,1.00964806619374
54.02,1,1.01232378237112,1.00989149619962
54.03,1,1.01247510312863,1.01008258586024
54.04,1,1.01269053137759,1.01042584870952
54.05,1,1.0127319528399,1.01092627532374
54.06,1,1.01253260481646,1.01137630578952
54.07,1,1.01225259772101,1.01152907056786
54.08,1,1.01208431275363,1.01130052739941
54.09,1,1.0120204834861,1.01084425003631
54.1,1,1.01187548295042,1.01049137519168
54.11,1,1.01151631325401,1.01046717040863
54.12,1,1.01094329171054,1.01062946231883
54.13,1,1.01027465142162,1.01063300479133
54.14,1,1.00969921485094,1.01026443689556
54.15,1,1.00932636723382,1.00958448017316
54.16,1,1.00910721762626,1.00890892762004
54.17,1,1.00888191211742,1.00857367167932
54.18,1,1.00849703155485,1.00861638645755
54.19,1,1.00791327802563,1.00876981408322
54.2,1,1.00721266340685,1.00874537073338
54.21,1,1.00652551072801,1.00845383164484
54.22,1,1.0059356330169,1.0080173813266
54.23,1,1.00543706603723,1.00767892320272
54.24,1,1.00495792590375,1.00758605691376
54.25,1,1.00445665810511,1.00759174974505
54.26,1,1.00400243692208,1.00741001831094
54.27,1,1.00372119500705,1.00693256637313
54.28,1,1.00363680653401,1.00629672191157
54.29,1,1.00358899956572,1.00574178634135
54.3,1,1.00339119960471,1.00541566917711
54.31,1,1.00303340807777,1.00522031021616
54.32,1,1.00263678890452,1.00492877411144
54.33,1,1.00229994014121,1.00449418880214
54.34,1,1.00206152918092,1.00408424411081
54.35,1,1.00188842192187,1.00385748969221
54.36,1,1.00171128553435,1.00379834182861
54.37,1,1.0015278870598,1.00375658905922
54.38,1,1.0013659496525,1.00362885638955
54.39,1,1.00119556965143,1.0034403914351
54.4,1,1.000965577646,1.00326335654542
54.41,1,1.00070289239468,1.00312037711532
54.42,1,1.00053761206847,1.00299508893166
54.43,1,1.00060624057537,1.00290860922465
54.44,1,1.00092361602303,1.00290941637066
54.45,1,1.00132578728606,1.00299356443295
54.46,1,1.00158039473644,1.00308715075055
54.47,1,1.00161109483432,1.00311748337502
54.48,1,1.00156979011933,1.00311861212745
54.49,1,1.00168642523354,1.00323232753984
54.5,1,1.00206157717992,1.00353485324931
54.51,1,1.00252462671454,1.00393360178021
54.52,1,1.00277291891068,1.00428875336402
54.53,1,1.00272657347231,1.0045422256774
54.54,1,1.00259671210894,1.00472644819075
54.55,1,1.00266291660966,1.00488051693299
54.56,1,1.00300180479159,1.004994023705
54.57,1,1.0034039886951,1.00503901729563
54.58,1,1.00359063217511,1.00502421624301
54.59,1,1.00348696428487,1.00502830429085
54.6,1,1.0033165478928,1.00516681717299
54.61,1,1.00339126144272,1.00547765501029
54.62,1,1.00376200137704,1.00582062121043
54.63,1,1.00417485994067,1.00597122105776
54.64,1,1.00435981342317,1.00584339369616
54.65,1,1.00421857477201,1.00561198104968
54.66,1,1.00385125491087,1.00554868862483
54.67,1,1.00353085553439,1.00574196599974
54.68,1,1.003467343142,1.00609540010415
54.69,1,1.00362478456544,1.00643772204081
54.7,1,1.0038488393404,1.00653518728447
54.71,1,1.00404260755053,1.00627461663346
54.72,1,1.00419517472502,1.00583865790277
54.73,1,1.00430291341422,1.00552991758165
54.74,1,1.00434843110457,1.00548115678263
54.75,1,1.00437738811788,1.00559383946329
54.76,1,1.00446937490738,1.00567844009454
54.77,1,1.00461495023961,1.00563083111138
54.78,1,1.00472695460472,1.0054737266012
54.79,1,1.00475899346705,1.0052832452801
54.8,1,1.00474462270609,1.00510784922202
54.81,1,1.00477060050928,1.0049372192489
54.82,1,1.00489809727652,1.00481350063341
54.83,1,1.00509703662891,1.00482449500094
54.84,1,1.00530234648332,1.00496950203159
54.85,1,1.00549388075804,1.00515064522775
54.86,1,1.00568740467248,1.00526858460078
54.87,1,1.00588307157121,1.00535829779329
54.88,1,1.00609383642726,1.00557416985705
54.89,1,1.00638933731083,1.00597316351905
54.9,1,1.00679001535797,1.0064386392279
54.91,1,1.00722905444974,1.00680855146733
54.92,1,1.00765595020903,1.00702147485714
54.93,1,1.00801889805219,1.00715121591617
54.94,1,1.00821181382784,1.00730804415517
54.95,1,1.00821762081781,1.00756672750351
54.96,1,1.00818741190681,1.00792013857174
54.97,1,1.00826287267804,1.00821650688243
54.98,1,1.00842865087386,1.00823800537213
54.99,1,1.00858146422754,1.00789912517014
55,1,1.00867287445056,1.0073437289875
55.01,1,1.00874491498903,1.00682033450794
55.02,1,1.00888369760364,1.00647071904935
55.03,1,1.00912218041285,1.00623537066919
55.04,1,1.00940171751875,1.00596159115203
55.05,1,1.00965997001195,1.00557130662726
55.06,1,1.00995899694808,1.00511269569176
55.07,1,1.01037845723733,1.00469506960057
55.08,1,1.01084672919205,1.0043624845307
55.09,1,1.01121356512431,1.00404538260652
55.1,1,1.01138833209527,1.00368999501535
55.11,1,1.01143940707993,1.00335515984148
55.12,1,1.01156207806777,1.00313666706155
55.13,1,1.01187927537358,1.00306317408829
55.14,1,1.01227303184266,1.00304717063155
55.15,1,1.01246299033898,1.00298590076334
55.16,1,1.01229435073206,1.00289034367914
55.17,1,1.01189855867007,1.00283750524158
55.18,1,1.01150119626401,1.00288124848798
55.19,1,1.01119617336005,1.00300754729545
55.2,1,1.01091994048885,1.00315546601466
55.21,1,1.0105452236908,1.00330686787667
55.22,1,1.01004533703407,1.00352760020767
55.23,1,1.00953660795582,1.00387878534881
55.24,1,1.00915581834093,1.00428811693692
55.25,1,1.00891898235407,1.00457952088103
55.26,1,1.00870800216243,1.00469321083269
55.27,1,1.00835002785949,1.00480751326815
55.28,1,1.00773675145576,1.00511297697288
55.29,1,1.00696794524739,1.00557815552787
55.3,1,1.00632754489557,1.00599022088248
55.31,1,1.00602936938567,1.00613928546573
55.32,1,1.00600707237917,1.00602674562471
55.33,1,1.00603231029032,1.00589841243647
55.34,1,1.00595970258979,1.00600970130312
55.35,1,1.00579535036825,1.00640287117826
55.36,1,1.00563374834317,1.00687632516935
55.37,1,1.00558939779698,1.00718002061514
55.38,1,1.00570826181081,1.0072904731785
55.39,1,1.00590548222462,1.0073724155635
55.4,1,1.00604173046216,1.00755011176527
55.41,1,1.00604806057358,1.00779293717526
55.42,1,1.00601957239597,1.00795360994763
55.43,1,1.00612601146548,1.00794057179181
55.44,1,1.00638839102277,1.00780168887584
55.45,1,1.00666005141827,1.00761941990139
55.46,1,1.00678142981385,1.00741877015329
55.47,1,1.00668845993876,1.0072086789361
55.48,1,1.006503417074,1.00704539752324
55.49,1,1.00646774090055,1.00695698208598
55.5,1,1.00670091680641,1.00686401719025
55.51,1,1.00706393660517,1.00672584109787
55.52,1,1.00729430045355,1.00665735074658
55.53,1,1.00730864696929,1.00674935051793
55.54,1,1.00728586917758,1.00693638688461
55.55,1,1.0074686434377,1.00710584440961
55.56,1,1.00789109097165,1.0071859715637
55.57,1,1.00832887634475,1.00712588097504
55.58,1,1.00851509537223,1.00691640334424
55.59,1,1.0083275050144,1.00665712899258
55.6,1,1.00790040817375,1.0064925338303
55.61,1,1.00761644800611,1.00645785347154
55.62,1,1.00778143357991,1.00643722151493
55.63,1,1.00829810951744,1.00630494176669
55.64,1,1.00873147663973,1.00605138684701
55.65,1,1.00870103977021,1.00575287627796
55.66,1,1.00824315310365,1.0054462578978
55.67,1,1.00776499646714,1.00506743634487
55.68,1,1.00762388031778,1.00456474683926
55.69,1,1.00777086750136,1.00397863606905
55.7,1,1.00784146550593,1.00335099341815
55.71,1,1.00757894168968,1.00268419609476
55.72,1,1.00710923654049,1.00205137237795
55.73,1,1.00681065920934,1.00156363291646
55.74,1,1.00694228430266,1.00122151330516
55.75,1,1.00740342233081,1.00090673253433
55.76,1,1.00781835171201,1.00054252224903
55.77,1,1.00788268589316,1.00019443871012
55.78,1,1.00771717720919,0.999937920136115
55.79,1,1.00772981357,0.999753486792691
55.8,1,1.00807378569569,0.999559821376152
55.81,1,1.00846182663354,0.999309887266514
55.82,1,1.00850695649125,0.999067920732317
55.83,1,1.00817278816027,0.998892398235898
55.84,1,1.00781492982839,0.998748026095592
55.85,1,1.00779758989902,0.998608727917442
55.86,1,1.00816032084756,0.99849215015778
55.87,1,1.00858916504712,0.998411388266768
55.88,1,1.00876959444255,0.998330457168954
55.89,1,1.00874120657771,0.998175915556383
55.9,1,1.00876056102018,0.997926050075482
55.91,1,1.00896941806956,0.997668162680489
55.92,1,1.00930080461409,0.997539829044217
55.93,1,1.00959124971064,0.997582770615855
55.94,1,1.00974028839173,0.997710008926729
55.95,1,1.00974428186397,0.997799627834005
55.96,1,1.00964213252174,0.997839372276165
55.97,1,1.00950479216515,0.997980907537785
55.98,1,1.0093661032962,0.998363632596068
55.99,1,1.00921564498532,0.998954667896265
56,1,1.00907555084366,0.999588142807212
56.01,1,1.00896589809444,1.00012216097269
56.02,1,1.00886093961627,1.00059308757387
56.03,1,1.00870083257325,1.00116479713379
56.04,1,1.00844706053001,1.00190091506601
56.05,1,1.00817431232628,1.0026558288709
56.06,1,1.00801673123121,1.0032352627753
56.07,1,1.00797895766281,1.00363951869087
56.08,1,1.00793324572283,1.00407568826533
56.09,1,1.00781647978972,1.0046973483503
56.1,1,1.00766680940294,1.00541823366187
56.11,1,1.00748020385033,1.0060367089112
56.12,1,1.00718799409797,1.00643961610335
56.13,1,1.0067942972023,1.00665815109126
56.14,1,1.0063875528288,1.00683179729624
56.15,1,1.00601663332021,1.00707181761577
56.16,1,1.00567225306595,1.00734133141624
56.17,1,1.00532578453094,1.00758872369093
56.18,1,1.0049429314041,1.00785423062285
56.19,1,1.00452918135016,1.00817766281767
56.2,1,1.00417299689982,1.00858794116727
56.21,1,1.00399693598658,1.00911192022575
56.22,1,1.00401776932865,1.00967580662797
56.23,1,1.00409935328264,1.01008548994946
56.24,1,1.00409963053748,1.01019176033484
56.25,1,1.00404031752285,1.01005217769996
56.26,1,1.00405619857983,1.00989817933878
56.27,1,1.00419557455134,1.00995494502307
56.28,1,1.00435273400245,1.01023467441719
56.29,1,1.00439748970574,1.01055723216574
56.3,1,1.00436009248613,1.01071372165062
56.31,1,1.00442125458532,1.01056694834741
56.32,1,1.00466041649343,1.01018037891415
56.33,1,1.0049574723286,1.00978221421212
56.34,1,1.00516667681689,1.00952513613838
56.35,1,1.00521413126181,1.00935504478486
56.36,1,1.00513156051367,1.00910991176686
56.37,1,1.00510512519332,1.00870402284634
56.38,1,1.00532179070058,1.00819694274727
56.39,1,1.00578532452165,1.00767598273304
56.4,1,1.00634284596238,1.00717780555763
56.41,1,1.00680831296635,1.00676417711006
56.42,1,1.00706882001393,1.00646294166881
56.43,1,1.00711338046773,1.00618950979123
56.44,1,1.00707847443813,1.00583688786966
56.45,1,1.00717552686346,1.00538085142587
56.46,1,1.00748988407052,1.00489334238093
56.47,1,1.00790638208839,1.00443839036157
56.48,1,1.00820401872062,1.00400985967153
56.49,1,1.00823051345776,1.00356829422004
56.5,1,1.00802275605058,1.00308971894126
56.51,1,1.00779372585551,1.00259162370909
56.52,1,1.0077459941185,1.00212439391413
56.53,1,1.0078371356251,1.00171195909546
56.54,1,1.00783940656621,1.00136105870203
56.55,1,1.00759564311229,1.00111165216328
56.56,1,1.00716127011889,1.00096007453573
56.57,1,1.00674054385613,1.00082128085534
56.58,1,1.00648450790115,1.00067154281222
56.59,1,1.00638698595739,1.00059164040164
56.6,1,1.0063051573605,1.00062424332751
56.61,1,1.00607217151172,1.00064814281884
56.62,1,1.00566602916088,1.00050570271248
56.63,1,1.00520748291051,1.00028719041936
56.64,1,1.00479602172117,1.00029842272477
56.65,1,1.0044409722442,1.00068108979417
56.66,1,1.00408103311681,1.00123361625934
56.67,1,1.00363810667132,1.00164804075058
56.68,1,1.00315362907417,1.00180121165069
56.69,1,1.00275890715166,1.00185694626032
56.7,1,1.00250509425776,1.00204313121914
56.71,1,1.00234618635705,1.00236090861244
56.72,1,1.00223237908349,1.00260430577063
56.73,1,1.00214448316017,1.00258613789653
56.74,1,1.00206606290767,1.00230199947105
56.75,1,1.00199876619848,1.00191801560235
56.76,1,1.00198400365498,1.00164593529169
56.77,1,1.00205111860103,1.00160177999344
56.78,1,1.00216285209634,1.00170870861452
56.79,1,1.00222235361279,1.00176984959313
56.8,1,1.00212167941347,1.00169084258582
56.81,1,1.00185529447646,1.00160256373264
56.82,1,1.00158639084697,1.00173336705784
56.83,1,1.00148815749511,1.00220399678869
56.84,1,1.00154534856431,1.00292135274281
56.85,1,1.00157316110148,1.00361825694717
56.86,1,1.00139550651769,1.00407116035092
56.87,1,1.00099664688748,1.00423271885558
56.88,1,1.00052930024966,1.00421022166905
56.89,1,1.00017075434648,1.0041951770865
56.9,1,0.999984064983813,1.00436224355291
56.91,1,0.99994655880514,1.00476555451634
56.92,1,1.00000002407593,1.00528344543392
56.93,1,1.00002003276734,1.00568421859584
56.94,1,0.999864450925302,1.00582346135004
56.95,1,0.999505872708991,1.00576086629608
56.96,1,0.999081310564096,1.0056461469339
56.97,1,0.998803781619279,1.00558903438369
56.98,1,0.998724384373681,1.0056373136529
56.99,1,0.998688909473959,1.00578354276091
57,1,0.998516933586593,1.00591406494753
57.01,1,0.998102957014445,1.00582358876802
57.02,1,0.997528452148943,1.00544541720475
57.03,1,0.997021903025037,1.00497634159227
57.04,1,0.996756408489893,1.00469751251102
57.05,1,0.996730514202017,1.00474837710822
57.06,1,0.996794369749336,1.00501721168328
57.07,1,0.996816193787605,1.00522377600195
57.08,1,0.996765858527311,1.00515388278794
57.09,1,0.996651762601772,1.00481272040207
57.1,1,0.996464294395142,1.00440335779972
57.11,1,0.996208653032339,1.00417923601284
57.12,1,0.995985653142499,1.00421946810939
57.13,1,0.995920620347767,1.0043432756992
57.14,1,0.995999081668155,1.0042994146933
57.15,1,0.996089824143601,1.00400489299201
57.16,1,0.996088752010286,1.00361073249489
57.17,1,0.995925834623051,1.00331736483804
57.18,1,0.995584821147633,1.00314216611292
57.19,1,0.995178522217536,1.00296753153715
57.2,1,0.99492011415126,1.0026725152516
57.21,1,0.994991563794862,1.00220494104259
57.22,1,0.995346238985841,1.00165646718511
57.23,1,0.995723365276895,1.00120962349947
57.24,1,0.995909388851207,1.00097700415496
57.25,1,0.99588170818197,1.00090832006268
57.26,1,0.995768238133292,1.00086012120269
57.27,1,0.995708989797796,1.00070287134753
57.28,1,0.995743764644975,1.00037093216919
57.29,1,0.995838572039514,0.999938364894194
57.3,1,0.995910534900265,0.99955651983802
57.31,1,0.99584958580009,0.999247057789716
57.32,1,0.995626397877865,0.99896182981768
57.33,1,0.995365731247699,0.998746460642288
57.34,1,0.995176045573577,0.998685252444998
57.35,1,0.994971086270717,0.998779342981803
57.36,1,0.994632077186142,0.998912709668102
57.37,1,0.994196838651277,0.998951119138925
57.38,1,0.993795860382551,0.998840371853768
57.39,1,0.993533580003082,0.998585482791297
57.4,1,0.993450711949823,0.99823287895644
57.41,1,0.993532241276134,0.997901176406908
57.42,1,0.993758657201274,0.997786107819137
57.43,1,0.99411375116834,0.997984830908306
57.44,1,0.994514983186296,0.998311554791305
57.45,1,0.994867788805141,0.998446572108604
57.46,1,0.995219242375947,0.998274017676565
57.47,1,0.995717560007422,0.998005352907147
57.48,1,0.996429488814506,0.997976023115977
57.49,1,0.99723590002887,0.998277576786669
57.5,1,0.997911781042562,0.998595113995043
57.51,1,0.998347838471438,0.998540002578265
57.52,1,0.998643645429467,0.998090480533081
57.53,1,0.998988026748161,0.997611869533414
57.54,1,0.999477262482506,0.997520242513769
57.55,1,1.00007367887215,0.997926715541241
57.56,1,1.0007046484693,0.99851768077588
57.57,1,1.00129975218798,0.998823161250142
57.58,1,1.0017953595377,0.998702530341038
57.59,1,1.00221958711405,0.998451623172716
57.6,1,1.00268645281054,0.998496493215033
57.61,1,1.00325818855182,0.999068420936377
57.62,1,1.00389933570976,0.999991133885813
57.63,1,1.0045275400842,1.00079819745957
57.64,1,1.00509102814937,1.00115309487901
57.65,1,1.00558613397046,1.00115250814304
57.66,1,1.00601070094403,1.00126104274024
57.67,1,1.0063653491061,1.00183171268807
57.68,1,1.00667078101339,1.0027127119141
57.69,1,1.00691761631497,1.00343251809294
57.7,1,1.00705988062599,1.00363670137067
57.71,1,1.00709636358024,1.00337802850395
57.72,1,1.00709776406225,1.00306421455562
57.73,1,1.00712073071727,1.00308666958418
57.74,1,1.00717291475011,1.00350423321903
57.75,1,1.00727816021057,1.00405780413381
57.76,1,1.0074635668239,1.0044226521712
57.77,1,1.00764300858979,1.00449317235588
57.78,1,1.0076574489698,1.00444548057581
57.79,1,1.00747763480689,1.00451100188973
57.8,1,1.0072684628056,1.0047396895643
57.81,1,1.00725023579181,1.00501114534067
57.82,1,1.00750126916782,1.00517437851316
57.83,1,1.00786384384022,1.005184696535
57.84,1,1.00808575936187,1.00513265572122
57.85,1,1.00804287055665,1.00512788661428
57.86,1,1.00787388023024,1.00517196461817
57.87,1,1.00781752866016,1.00514741877273
57.88,1,1.00788340548711,1.00499662277585
57.89,1,1.00781019040257,1.00481048480963
57.9,1,1.00738535952673,1.00467524150281
57.91,1,1.006744693989,1.00455080201546
57.92,1,1.00625863546926,1.00434882702382
57.93,1,1.00615908393862,1.00403630777229
57.94,1,1.00627892942741,1.00367248112574
57.95,1,1.00621351730498,1.0033962327051
57.96,1,1.00573088783181,1.00332729333287
57.97,1,1.0049612002677,1.00343851746812
57.98,1,1.00424667987365,1.00357239894762
57.99,1,1.00385247916324,1.00364362508583
58,1,1.00375678898238,1.00369805438144
58.01,1,1.00366011688302,1.00383585619843
58.02,1,1.00329133426836,1.00411402744027
58.03,1,1.00267521024403,1.00440231498999
58.04,1,1.00206850300265,1.00449351576595
58.05,1,1.00162058302805,1.0043924708357
58.06,1,1.00117163232867,1.00434552871107
58.07,1,1.00050504019554,1.00460100728416
58.08,1,0.999631161582294,1.00515636827387
58.09,1,0.998769203892819,1.00573394072844
58.1,1,0.998146205792012,1.00602122962726
58.11,1,0.997808490683233,1.00597081017734
58.12,1,0.997572820651085,1.00583085042298
58.13,1,0.997237542260385,1.00587976640139
58.14,1,0.996816007928992,1.0061836484142
58.15,1,0.996412861684481,1.00657449801682
58.16,1,0.996050487385462,1.00680995687016
58.17,1,0.995732803813969,1.00679503241313
58.18,1,0.995464675284177,1.00664515415374
58.19,1,0.995209695041111,1.00653870516478
58.2,1,0.994948792941948,1.00656949276297
58.21,1,0.994699955186812,1.00669069800497
58.22,1,0.99444838748675,1.00677870393793
58.23,1,0.994148996072724,1.0067178406068
58.24,1,0.993864024138339,1.00648870000248
58.25,1,0.99378942100074,1.00623270464352
58.26,1,0.994029998767637,1.00615540871122
58.27,1,0.994463062856061,1.00629545072026
58.28,1,0.994865714382916,1.00644220956409
58.29,1,0.995139425831463,1.00641452959274
58.3,1,0.995407394499307,1.00632796571877
58.31,1,0.99589375557084,1.0064046400579
58.32,1,0.996712645123379,1.00662608040044
58.33,1,0.997722368433859,1.0067535226346
58.34,1,0.99862259363613,1.0066326339196
58.35,1,0.999254936229969,1.00635096402297
58.36,1,0.999731562504257,1.00609130399442
58.37,1,1.00025522553192,1.00594147606695
58.38,1,1.00086900634866,1.00585869345479
58.39,1,1.00143837491432,1.00573155140508
58.4,1,1.00181988730383,1.00547818948926
58.41,1,1.00197194220458,1.00510124715067
58.42,1,1.00202417154568,1.00470629177381
58.43,1,1.00218643356902,1.00445262955336
58.44,1,1.00252414887334,1.00439362590647
58.45,1,1.00292451132797,1.00436835380137
58.46,1,1.00320802496559,1.00414223757427
58.47,1,1.00328372694491,1.00366125667219
58.48,1,1.00321268486077,1.0031159077164
58.49,1,1.00314442857059,1.00276021660927
58.5,1,1.00318459398134,1.00266656022391
58.51,1,1.00329071703296,1.00268125129421
58.52,1,1.0033288836693,1.00258966640185
58.53,1,1.00320945221046,1.00231504783968
58.54,1,1.0029875773408,1.00196623397907
58.55,1,1.00278495725968,1.00171776129863
58.56,1,1.0026476816522,1.00170673575853
58.57,1,1.00253722548306,1.00186992853223
58.58,1,1.00240435349434,1.00192719172188
58.59,1,1.00229923021815,1.00169487460612
58.6,1,1.00233610737206,1.0012754641112
58.61,1,1.0025223863094,1.00091901210826
58.62,1,1.00266509947975,1.00077315025697
58.63,1,1.0025718931435,1.00074066193942
58.64,1,1.0023501510138,1.00054980792321
58.65,1,1.00228948914192,1.0000051409846
58.66,1,1.00245331140679,0.99920886340381
58.67,1,1.00258045536188,0.998530122709391
58.68,1,1.00244110773645,0.998296885828522
58.69,1,1.00210655722682,0.998462080290675
58.7,1,1.00184506672178,0.998626550035644
58.71,1,1.00184703522007,0.998500558622761
58.72,1,1.00197427922089,0.99823141114679
58.73,1,1.00187481527798,0.998177207310959
58.74,1,1.00144046895868,0.998504704904565
58.75,1,1.00095012629973,0.99906119679955
58.76,1,1.00072781200666,0.999501895032988
58.77,1,1.00087909488427,0.999555307815577
58.78,1,1.0012487554775,0.999297170082767
58.79,1,1.00151448959186,0.999100276322197
58.8,1,1.0014131109027,0.999209229150424
58.81,1,1.0009613503461,0.999446528117326
58.82,1,1.0004699646481,0.999465172490374
58.83,1,1.00021087177342,0.99919013879993
58.84,1,1.00017593585552,0.99886479473375
58.85,1,1.00015260109314,0.998705129670921
58.86,1,0.99991712376334,0.998716264947059
58.87,1,0.999452847290303,0.99877356771487
58.88,1,0.998999196769718,0.998731772711208
58.89,1,0.998789585701845,0.998539264938282
58.9,1,0.998811726168474,0.998265479408014
58.91,1,0.998910225351549,0.998029474867009
58.92,1,0.999024581235461,0.997859367982974
58.93,1,0.999220156477584,0.997685696685321
58.94,1,0.999503923507357,0.997501748078552
58.95,1,0.999796454516026,0.99741630931783
58.96,1,1.00011669995547,0.997534325544677
58.97,1,1.00053918809717,0.997866489913223
58.98,1,1.00097217090361,0.998349651011361
58.99,1,1.0012044307289,0.998886912068078
59,1,1.00114649990797,0.999364601794347
59.01,1,1.0009728053169,0.999732085102297
59.02,1,1.00096202518417,1.00008557608486
59.03,1,1.0012021247944,1.00055948608254
59.04,1,1.00152480860925,1.00112526197195
59.05,1,1.00169713766963,1.00157722805925
59.06,1,1.0016364351501,1.00175233654341
59.07,1,1.00143485949689,1.0017454360152
59.08,1,1.00127281582864,1.0018558891107
59.09,1,1.00131679827027,1.00226568921594
59.1,1,1.00157753175522,1.00286424526911
59.11,1,1.00183523802219,1.00335576575358
59.12,1,1.00189202370966,1.00352674041952
59.13,1,1.00185742887856,1.00346061455848
59.14,1,1.00198811733899,1.00345882161025
59.15,1,1.00236266216451,1.00371706546244
59.16,1,1.00274942814458,1.00408152604298
59.17,1,1.00283380526827,1.0042511881008
59.18,1,1.00252206762652,1.00413978528238
59.19,1,1.00200012137795,1.00392060919043
59.2,1,1.00157434864984,1.00382776042156
59.21,1,1.00145216057975,1.00399318708323
59.22,1,1.0016018606493,1.00437359210685
59.23,1,1.00179210052368,1.00475468406305
59.24,1,1.00184178661335,1.00489375200201
59.25,1,1.00182427795389,1.00474365920637
59.26,1,1.00193032934267,1.00453881606673
59.27,1,1.0022006099724,1.00454994623006
59.28,1,1.00248149377218,1.00482790467663
59.29,1,1.00259868601564,1.00524125553912
59.3,1,1.00258437513743,1.00557392390081
59.31,1,1.00267906476766,1.0056691699527
59.32,1,1.00305841509311,1.00554576262463
59.33,1,1.0035911355567,1.00532028669017
59.34,1,1.00396507434095,1.00510657610516
59.35,1,1.0040420456144,1.00494945397281
59.36,1,1.00396584490476,1.00480677238073
59.37,1,1.00398370423283,1.00462134048616
59.38,1,1.00422132558076,1.00436063867077
59.39,1,1.00458787930485,1.00401769899845
59.4,1,1.0048954887375,1.00360462272817
59.41,1,1.00505884091589,1.00316217245847
59.42,1,1.00516648726147,1.00282080780493
59.43,1,1.00537317466978,1.00276773004173
59.44,1,1.0057166747263,1.00304667091526
59.45,1,1.00608063315351,1.00342100338729
59.46,1,1.00629548198197,1.00353565543228
59.47,1,1.00630956758133,1.00326187074935
59.48,1,1.00630588179516,1.00280919514034
59.49,1,1.00657746136971,1.00249932835827
59.5,1,1.0072690447211,1.00246099353077
59.51,1,1.00818860262948,1.00253657531246
59.52,1,1.00897454869549,1.00248945354699
59.53,1,1.00946081579359,1.00224778738108
59.54,1,1.00975021852612,1.00194232056221
59.55,1,1.01005320655134,1.00179955850387
59.56,1,1.01051057266404,1.00193473091354
59.57,1,1.01108441324106,1.00218415111276
59.58,1,1.0116395692393,1.00222922723153
59.59,1,1.01206628600119,1.00190555582978
59.6,1,1.01233296292943,1.00136412169119
59.61,1,1.01249890564574,1.00088731606229
59.62,1,1.01261447912511,1.00059611866733
59.63,1,1.0126633141528,1.00038841243647
59.64,1,1.01257450006298,1.00006911633382
59.65,1,1.01227084123129,0.999545307851068
59.66,1,1.01178792173422,0.998950366260508
59.67,1,1.01129799680712,0.998508475726615
59.68,1,1.01098984923197,0.998300135061499
59.69,1,1.01088835558319,0.998215181635839
59.7,1,1.01081966464774,0.9981127832476
59.71,1,1.01059362069185,0.99795514137276
59.72,1,1.01017341308153,0.99779424173669
59.73,1,1.00968729400004,0.997691458363142
59.74,1,1.00931881828907,0.997623706797391
59.75,1,1.00917377817562,0.997492973091705
59.76,1,1.00921965736419,0.997255132131514
59.77,1,1.00936170028161,0.996992830724593
59.78,1,1.00947793137135,0.996840081144576
59.79,1,1.00944754771457,0.996860200530041
59.8,1,1.00927767401395,0.996979066518128
59.81,1,1.00914204622515,0.997072616002778
59.82,1,1.00923176728542,0.997084721301477
59.83,1,1.00953321411483,0.997086158464698
59.84,1,1.00984274259928,0.997210299870242
59.85,1,1.00996168982267,0.997456972238421
59.86,1,1.00986993278035,0.997699612252333
59.87,1,1.00977336080535,0.997880786628605
59.88,1,1.00987828828771,0.998055896714274
59.89,1,1.01013201407705,0.998316198225585
59.9,1,1.01024859261243,0.998733313929201
59.91,1,1.00999577820034,0.999248338149712
59.92,1,1.00948361983862,0.999660712937089
59.93,1,1.00912562668338,0.999844555363938
59.94,1,1.00922694532674,0.999884610016026
59.95,1,1.00962092286948,0.999977205841224
59.96,1,1.00978438059089,1.00026517691153
59.97,1,1.00938998581097,1.00076079760603
59.98,1,1.00869902300704,1.00134533304982
59.99,1,1.00825994990178,1.00185039902834
60,1,1.00837038444874,1.00222640156619
60.01,1,1.00885093312427,1.00261239242825
60.02,1,1.00917275001525,1.00316497312301
60.03,1,1.00894920269446,1.00384399631957
60.04,1,1.00834547858453,1.00442251696363
60.05,1,1.00785232531382,1.00472551848511
60.06,1,1.00773646640404,1.00482327371246
60.07,1,1.00784734318532,1.0049751442224
60.08,1,1.00787154129759,1.00539375502357
60.09,1,1.00763909230294,1.0060264227658
60.1,1,1.00722636961118,1.00662026603405
60.11,1,1.00685075473611,1.00699083397642
60.12,1,1.00667032981298,1.00716718114054
60.13,1,1.00660466094693,1.0073124014592
60.14,1,1.00642086245746,1.00750673704733
60.15,1,1.00601942027436,1.00769390737418
60.16,1,1.00551894342625,1.00780423240743
60.17,1,1.00505753995174,1.00786058860401
60.18,1,1.00464420774334,1.0079682481944
60.19,1,1.00421685857932,1.00818453894828
60.2,1,1.00367548791919,1.00843748074421
60.21,1,1.00293998531128,1.00857789648141
60.22,1,1.00207842300877,1.00853176945445
60.23,1,1.00130237024862,1.00839353391713
60.24,1,1.00076958925274,1.00836041195879
60.25,1,1.00043154104058,1.00852965859384
60.26,1,1.00011549916169,1.00877894415308
60.27,1,0.999694706798876,1.00890054825157
60.28,1,0.999194629571374,1.00884875275499
60.29,1,0.998729585203465,1.00877657619147
60.3,1,0.998328525975421,1.0088258526272
60.31,1,0.997927714294439,1.00897890507815
60.32,1,0.997491071081994,1.00908329514688
60.33,1,0.997105456250381,1.00903023354311
60.34,1,0.996905218264247,1.00886389277696
60.35,1,0.996904149892077,1.00868834715551
60.36,1,0.997018786107055,1.00857882347218
60.37,1,0.997155911880894,1.00859732087634
60.38,1,0.99720304870911,1.00872193168882
60.39,1,0.997069561233064,1.00875869322115
60.4,1,0.996796763863268,1.00849887721339
60.41,1,0.996516736699993,1.00793061932924
60.42,1,0.996323630492167,1.00729448808824
60.43,1,0.996281825877045,1.00691312460883
60.44,1,0.99642242515714,1.0068481397131
60.45,1,0.996705994042369,1.00683251702274
60.46,1,0.997012490418324,1.00657246322796
60.47,1,0.997194335640306,1.00606941768895
60.48,1,0.997223418537949,1.00565969706934
60.49,1,0.997211473679754,1.00564273347027
60.5,1,0.997299898007145,1.0058876177586
60.51,1,0.997522214148953,1.0059436132364
60.52,1,0.997772588786489,1.0054749266336
60.53,1,0.9979560970172,1.00461098018685
60.54,1,0.998090761538674,1.00386690659726
60.55,1,0.998265381847236,1.00361911173189
60.56,1,0.998517161951584,1.00372447787171
60.57,1,0.998738600215703,1.00368430010102
60.58,1,0.998782507407614,1.00315470194217
60.59,1,0.998634442113863,1.00228444542605
60.6,1,0.998481636558511,1.00155900296163
60.61,1,0.998601783224148,1.00127174232611
60.62,1,0.999075426621998,1.00117984942743
60.63,1,0.999683508280303,1.00078062329075
60.64,1,1.00013893019026,0.99989404596879
60.65,1,1.00037291508654,0.998882687425046
60.66,1,1.00057203935372,0.998291564538789
60.67,1,1.00094584126441,0.998339153625762
60.68,1,1.00153004556626,0.998752425142336
60.69,1,1.00220501895452,0.999049635673308
60.7,1,1.00282323857858,0.998969255383722
60.71,1,1.00328282800961,0.998640231410972
60.72,1,1.00355637244375,0.998404362183358
60.73,1,1.00376614598716,0.998477342349569
60.74,1,1.00410736083189,0.998761420953908
60.75,1,1.00461896899598,0.998956192597145
60.76,1,1.00516504865281,0.998826763250807
60.77,1,1.00560373028399,0.998411514243407
60.78,1,1.00590762296591,0.997959363068054
60.79,1,1.00618944306378,0.99768361149397
60.8,1,1.0066044724428,0.997689668662568
60.81,1,1.00718054524732,0.997981143014729
60.82,1,1.00781891316569,0.998398834088485
60.83,1,1.00837721787879,0.998748860027414
60.84,1,1.00874457395757,0.999006793081265
60.85,1,1.00891976063392,0.999334261883157
60.86,1,1.00895837320671,0.99983281829437
60.87,1,1.00888914166674,1.00037695756313
60.88,1,1.00876122920967,1.00080031335447
60.89,1,1.00865793929511,1.00112931294319
60.9,1,1.00863621034309,1.00160055973299
60.91,1,1.00872539117449,1.00238753223248
60.92,1,1.00892889406409,1.00333154105888
60.93,1,1.00916770410585,1.00407291298882
60.94,1,1.00926573977383,1.00437782078648
60.95,1,1.00911500401932,1.00433539837728
60.96,1,1.00881324781153,1.00428819911788
60.97,1,1.00853328614605,1.00456857995056
60.98,1,1.0083390717991,1.00521869520993
60.99,1,1.00808728618829,1.00591911584214
61,1,1.00753515318346,1.00630364418345
61.01,1,1.00667401464609,1.00637089315245
61.02,1,1.00579335278295,1.00647390720499
61.03,1,1.00522649751366,1.00686177338644
61.04,1,1.00501978789138,1.00742486968547
61.05,1,1.00484525825057,1.00787861406891
61.06,1,1.00439373230749,1.00805514317744
61.07,1,1.00372871207107,1.00805503873255
61.08,1,1.00316780034121,1.00813561741597
61.09,1,1.00292990289646,1.00842945389348
61.1,1,1.00297425041141,1.00881383585923
61.11,1,1.00310814752985,1.00905059298267
61.12,1,1.00315370375028,1.00907615072598
61.13,1,1.00306047115209,1.00911992410705
61.14,1,1.0028941412035,1.0094711675739
61.15,1,1.00269887894298,1.01016110396506
61.16,1,1.00242672592522,1.01094825691092
61.17,1,1.00200903827475,1.01157714621809
61.18,1,1.00149336066118,1.01197189412352
61.19,1,1.0010643916462,1.01222091723506
61.2,1,1.000853352567,1.01244888621207
61.21,1,1.00076136894195,1.01272932654335
61.22,1,1.00057885446908,1.01306445711175
61.23,1,1.00022595544659,1.01334558210326
61.24,1,0.999826752830862,1.01339241715935
61.25,1,0.999638309064505,1.01317747172076
61.26,1,0.999828640270055,1.01294698829509
61.27,1,1.00027053112077,1.01298194319476
61.28,1,1.00066460740608,1.01328847141419
61.29,1,1.00085564638439,1.01362886466769
61.3,1,1.00092372174989,1.01377499260694
61.31,1,1.00101036792305,1.01369378021496
61.32,1,1.00118631950512,1.01357063280082
61.33,1,1.00143478687634,1.01364994647141
61.34,1,1.00166640765106,1.01398386910482
61.35,1,1.00177753378577,1.01434519372856
61.36,1,1.00173718426131,1.01446776941741
61.37,1,1.00166149535483,1.01432300936933
61.38,1,1.0017725425363,1.0140886624725
61.39,1,1.00216806035628,1.01390800492599
61.4,1,1.0026709607433,1.01377834359012
61.41,1,1.00298635671663,1.01364192122404
61.42,1,1.00302684965149,1.0134435229724
61.43,1,1.00296801079372,1.01311822629056
61.44,1,1.00301479754129,1.01266451718977
61.45,1,1.00325069879119,1.01218051977214
61.46,1,1.00359191258201,1.01172407738382
61.47,1,1.00383963169028,1.01122413658235
61.48,1,1.00389405081222,1.01056732939516
61.49,1,1.00386800521885,1.00975518678269
61.5,1,1.00391546002011,1.00893030124666
61.51,1,1.0040634163208,1.00822929481081
61.52,1,1.00421500879383,1.00769681831998
61.53,1,1.00426926289334,1.00728459903699
61.54,1,1.00423937780864,1.00684200279065
61.55,1,1.00425763785099,1.00623982093585
61.56,1,1.00443398079204,1.00550675726346
61.57,1,1.00470171722033,1.00481286021135
61.58,1,1.00490930177261,1.00434835291314
61.59,1,1.00497675798831,1.00417876637419
61.6,1,1.00490564344984,1.00418975057676
61.61,1,1.00481520034398,1.00419437928745
61.62,1,1.00486193402473,1.0041104236605
61.63,1,1.00505973281086,1.00402147353976
61.64,1,1.00527295319988,1.00411129754324
61.65,1,1.00531419046622,1.0044404623191
61.66,1,1.00510295661148,1.00478217553714
61.67,1,1.00475729998622,1.00483656747684
61.68,1,1.00451269206085,1.00454454914972
61.69,1,1.00449238995161,1.0041586013475
61.7,1,1.00453374402118,1.00402323961354
61.71,1,1.00438852501802,1.00422811988976
61.72,1,1.00402042417443,1.00443215986747
61.73,1,1.00362314233817,1.00418750919239
61.74,1,1.00340791948818,1.0035128982677
61.75,1,1.00336382676074,1.00287641073629
61.76,1,1.00327253197238,1.00269606969996
61.77,1,1.00296311786351,1.00302527671069
61.78,1,1.00248678756299,1.00352137502561
61.79,1,1.00202071114041,1.00372839494509
61.8,1,1.0017108366515,1.00352513384783
61.81,1,1.00157719129361,1.00321216829987
61.82,1,1.001489140398,1.00320740484606
61.83,1,1.00129220516724,1.00366725719212
61.84,1,1.00096837620886,1.00431500040942
61.85,1,1.00063574781143,1.00473355634007
61.86,1,1.00041461984383,1.0048006427598
61.87,1,1.00030799247239,1.00473174900756
61.88,1,1.00021380104288,1.00482283681024
61.89,1,1.00008722261764,1.00520627086388
61.9,1,1.00001880989481,1.00578067818203
61.91,1,1.00014634567311,1.00628285539489
61.92,1,1.00051872096746,1.00645619547072
61.93,1,1.00099403302656,1.00627673031504
61.94,1,1.00129274912229,1.00605269308476
61.95,1,1.00123755139298,1.00614670418075
61.96,1,1.00095517082019,1.00658304636145
61.97,1,1.00077949260621,1.00702341246454
61.98,1,1.00094350210476,1.00710444651611
61.99,1,1.00136036588794,1.00677071475295
62,1,1.00169079702175,1.00633314928005
62.01,1,1.00170783350757,1.00620916272481
62.02,1,1.00156092445553,1.00648843282115
62.03,1,1.00152815928354,1.00681748694399
62.04,1,1.00165338538081,1.00680960221653
62.05,1,1.00172177608902,1.00643854218182
62.06,1,1.00149891377086,1.00598625414464
62.07,1,1.00100514734573,1.00573664234971
62.08,1,1.00052529514047,1.0057269473636
62.09,1,1.00031638219445,1.00572038755916
62.1,1,1.00038640445792,1.00542128462656
62.11,1,1.00051892212821,1.0048029364869
62.12,1,1.00048412755655,1.00419196813719
62.13,1,1.00028249030035,1.00397106711462
62.14,1,1.00016228768373,1.0041747582626
62.15,1,1.00033228480562,1.00441059558983
62.16,1,1.00068484281191,1.0042915184936
62.17,1,1.00090761843564,1.00385903240023
62.18,1,1.00082346539817,1.00347169218597
62.19,1,1.00055184825533,1.00337734461551
62.2,1,1.00036500703853,1.00352924135095
62.21,1,1.00040866487978,1.00369560891374
62.22,1,1.0005568571633,1.00365330775975
62.23,1,1.00058184054733,1.00336405442271
62.24,1,1.0004131569847,1.00299839543082
62.25,1,1.00023664078001,1.00275994786591
62.26,1,1.00032622714761,1.00271178382532
62.27,1,1.00074209773827,1.00278513479655
62.28,1,1.00122823025097,1.00287590162888
62.29,1,1.00146732238714,1.00289906706173
62.3,1,1.00140478052107,1.00280488937806
62.31,1,1.00126916087801,1.00263824959375
62.32,1,1.0012944216731,1.00253666708542
62.33,1,1.0014399366696,1.00263689029234
62.34,1,1.00148858982366,1.00297934057393
62.35,1,1.00137258281355,1.0034706072408
62.36,1,1.0012733233029,1.00396224747869
62.37,1,1.0014309023055,1.00437732824179
62.38,1,1.00186243663678,1.00471641701926
62.39,1,1.00227968722867,1.00499836305978
62.4,1,1.00238684266542,1.00525154909727
62.41,1,1.00220923077797,1.00551535949304
62.42,1,1.0020579308561,1.00584293816027
62.43,1,1.00217460015496,1.00624708003087
62.44,1,1.00245736774425,1.00664150439557
62.45,1,1.00259028074648,1.00688960453099
62.46,1,1.00244233056509,1.00694380939069
62.47,1,1.00227175655965,1.00693870973048
62.48,1,1.00242961001244,1.0070756059066
62.49,1,1.0029558821938,1.00736330734712
62.5,1,1.00356318865143,1.00758020843501
62.51,1,1.00401021256201,1.00752073904198
62.52,1,1.00437105441653,1.00718390479828
62.53,1,1.00486867189428,1.00671421435719
62.54,1,1.00558255915578,1.00623545179914
62.55,1,1.00637190560937,1.00578907145129
62.56,1,1.0070247587423,1.00536735302257
62.57,1,1.00742825576607,1.0049794770437
62.58,1,1.00769804524137,1.00463011645462
62.59,1,1.00809841145064,1.00423131020837
62.6,1,1.00876679529119,1.00366788333829
62.61,1,1.00958784818963,1.00298599608038
62.62,1,1.01029774196201,1.00245437511096
62.63,1,1.01071691271109,1.00228601790573
62.64,1,1.01091244727031,1.00232353434739
62.65,1,1.01113275089768,1.00220375319262
62.66,1,1.01158336136532,1.00180633855284
62.67,1,1.01224034607831,1.00131959185149
62.68,1,1.01289218029742,1.00092858903561
62.69,1,1.01332825211602,1.00063999162352
62.7,1,1.01351548174498,1.000361465701
62.71,1,1.01359099225383,1.00001265075343
62.72,1,1.01367829213563,0.999596209637269
62.73,1,1.01375686747372,0.999225386309659
62.74,1,1.01374133007576,0.999054674354629
62.75,1,1.01365997318958,0.99912558947571
62.76,1,1.01361827032591,0.999278109991147
62.77,1,1.01364600588033,0.999307724869123
62.78,1,1.01370391848767,0.99912456381008
62.79,1,1.01378060715121,0.998779410936436
62.8,1,1.01383732600738,0.998433922406234
62.81,1,1.01375927089531,0.998227207161985
62.82,1,1.0134984546216,0.998131313729761
62.83,1,1.01309975092337,0.998029321516263
62.84,1,1.01262334058106,0.997850647603244
62.85,1,1.01214165161158,0.997592582420957
62.86,1,1.01171115134878,0.99736863897925
62.87,1,1.01129982138461,0.997351289846554
62.88,1,1.01079186278952,0.997574796446104
62.89,1,1.01011724125309,0.997934143000395
62.9,1,1.00931995998997,0.998330286989347
62.91,1,1.00848266714933,0.998693476746343
62.92,1,1.00765843100322,0.99896498408308
62.93,1,1.00682853513218,0.999116295357466
62.94,1,1.00590989618628,0.999184218623704
62.95,1,1.00493567157716,0.999268373081598
62.96,1,1.00410602742345,0.999450100095254
62.97,1,1.00357247698585,0.999738945762588
62.98,1,1.00323999729653,1.0000884624939
62.99,1,1.0028089550258,1.00040788962483
63,1,1.00210532358061,1.00058258125047
63.01,1,1.00132214667144,1.00053433267866
63.02,1,1.00082321662532,1.0003042056198
63.03,1,1.00070383742744,1.00005008759308
63.04,1,1.00069535935215,0.999967797497623
63.05,1,1.00048414247068,1.00010909301242
63.06,1,0.999997012847885,1.00027052919112
63.07,1,0.99945268621751,1.00023038876181
63.08,1,0.999129712529921,1.00000706126479
63.09,1,0.999021842342765,0.99977937866193
63.1,1,0.99885852226841,0.999692215668752
63.11,1,0.998438124680743,0.999779702753067
63.12,1,0.997805291803781,0.999934128196083
63.13,1,0.997188234352589,0.99999659987393
63.14,1,0.996814896107685,0.999954048452278
63.15,1,0.996705694738954,0.999935588990438
63.16,1,0.996643531893998,1.00006602235386
63.17,1,0.996405159007739,1.00037099201222
63.18,1,0.996017563470455,1.00067623281112
63.19,1,0.995744014334246,1.00075056547063
63.2,1,0.995789327019965,1.00058334408703
63.21,1,0.996087691985871,1.00038315597869
63.22,1,0.996399995732129,1.00033229137388
63.23,1,0.996530832801636,1.0003994827749
63.24,1,0.996492328707455,1.00045161618953
63.25,1,0.996473029178519,1.00041888669251
63.26,1,0.99663097236025,1.00034237270178
63.27,1,0.996982179321312,1.00034670074175
63.28,1,0.9973789717855,1.00047118731694
63.29,1,0.997640568635035,1.00059034498784
63.3,1,0.997745833691916,1.00059126094926
63.31,1,0.997815585289456,1.00055425759828
63.32,1,0.997968091653845,1.000680793561
63.33,1,0.99823826901585,1.00104754242361
63.34,1,0.99862798352674,1.00144989740233
63.35,1,0.999114756691163,1.00158715250967
63.36,1,0.999559911448716,1.00139933183591
63.37,1,0.99979223061282,1.00106234727101
63.38,1,0.999792943960547,1.00082095953681
63.39,1,0.999680321124733,1.00086760190563
63.4,1,0.999587016984349,1.00116053495858
63.41,1,0.99957084578677,1.00145049669799
63.42,1,0.999574647882925,1.0015423049218
63.43,1,0.999504558402124,1.00141741781996
63.44,1,0.999396136831077,1.00122299175039
63.45,1,0.999343423396198,1.00113755521864
63.46,1,0.999300796491119,1.00116298300541
63.47,1,0.999145091069451,1.00116174273142
63.48,1,0.998861343692163,1.00104214777948
63.49,1,0.998572850922579,1.00082267945971
63.5,1,0.998436972262835,1.0005950538605
63.51,1,0.998462224717548,1.00041804827215
63.52,1,0.998477145406515,1.00021329798611
63.53,1,0.998369320056299,0.999840378450745
63.54,1,0.998208832800951,0.999292568445562
63.55,1,0.998147023372452,0.998761845900952
63.56,1,0.99825555544379,0.998475135221536
63.57,1,0.998386229148924,0.998478587036598
63.58,1,0.99834024600424,0.998600950890049
63.59,1,0.998168308662349,0.998613662820901
63.6,1,0.998125986856845,0.998431210559647
63.61,1,0.998370989194532,0.998192431863043
63.62,1,0.998815427198671,0.998174514018763
63.63,1,0.999255645632491,0.998498366800493
63.64,1,0.999517117477024,0.998945757418981
63.65,1,0.999557519655627,0.999169982974409
63.66,1,0.999514259636003,0.999062808005071
63.67,1,0.999593322598127,0.998885952403606
63.68,1,0.999859251053091,0.998992553359967
63.69,1,1.00015629890226,0.999478135021426
63.7,1,1.0002783240245,1.00011325984692
63.71,1,1.00018000295396,1.00060194789477
63.72,1,1.00002725021051,1.00087578441913
63.73,1,1.00005639593799,1.00105194412671
63.74,1,1.00034663633092,1.00128524204609
63.75,1,1.00077403610024,1.00166331264878
63.76,1,1.00116364441983,1.00211440842245
63.77,1,1.00140229814445,1.00248246904796
63.78,1,1.00149923624559,1.00266546519249
63.79,1,1.0015760154747,1.00268937095226
63.8,1,1.00173685920628,1.00270009634921
63.81,1,1.00199492080932,1.00281350797779
63.82,1,1.0023147359907,1.00302948635487
63.83,1,1.0027017526241,1.00325640235202
63.84,1,1.00321492240032,1.00338731101616
63.85,1,1.00383801351753,1.00340595093534
63.86,1,1.00438974791541,1.00339507139377
63.87,1,1.00466997316778,1.00339460446707
63.88,1,1.00473358109899,1.00333563895753
63.89,1,1.00486393543977,1.00317788257355
63.9,1,1.00520653095098,1.002941250572
63.91,1,1.00562127264903,1.00264802794237
63.92,1,1.00590758632683,1.00232559344513
63.93,1,1.00601881542031,1.0019719329382
63.94,1,1.00608140936915,1.00155531391547
63.95,1,1.00630475537623,1.00113260338376
63.96,1,1.00679026351189,1.00085165255933
63.97,1,1.00737263240059,1.00078404066217
63.98,1,1.00777861800243,1.00081300093385
63.99,1,1.00793126823899,1.0007419034436
64,1,1.00800271433956,1.00052452500531
64.01,1,1.00824032288434,1.00032745912182
64.02,1,1.00873360109143,1.00034733108998
64.03,1,1.00927344925444,1.00060069223548
64.04,1,1.00952645684575,1.00089340549519
64.05,1,1.00934750508329,1.00100358901515
64.06,1,1.00889757648193,1.00092706832195
64.07,1,1.00851449249641,1.00086071863319
64.08,1,1.00843446587118,1.00092905046664
64.09,1,1.00857619815479,1.00102579291777
64.1,1,1.00861528152085,1.00088913488075
64.11,1,1.00836600661816,1.00036945514738
64.12,1,1.00795824910807,0.999626542321265
64.13,1,1.00758826417741,0.998965411510756
64.14,1,1.00736295710884,0.998573315616023
64.15,1,1.00730525028317,0.998409391815454
64.16,1,1.00732276257225,0.998260026861397
64.17,1,1.00719848254078,0.997914536679447
64.18,1,1.00680178456336,0.997321581130892
64.19,1,1.00631747953856,0.996665856453018
64.2,1,1.00607180356736,0.996245759821634
64.21,1,1.00619292060163,0.996178685465073
64.22,1,1.0064708811031,0.996262135987858
64.23,1,1.00653112378349,0.996184394356094
64.24,1,1.00620512123387,0.995846046007156
64.25,1,1.00571680562572,0.995411891903599
64.26,1,1.0054646141443,0.99512851886254
64.27,1,1.00561949139839,0.995143082785976
64.28,1,1.00598196151842,0.995430116028756
64.29,1,1.00617842947682,0.99585346003228
64.3,1,1.00593393364682,0.996242419515026
64.31,1,1.00531240822519,0.996508394278249
64.32,1,1.00471371562275,0.996739001684878
64.33,1,1.00447146920057,0.997096126390537
64.34,1,1.0045307412643,0.997630599859604
64.35,1,1.00456309640895,0.99825537587006
64.36,1,1.00432362042501,0.998877331215785
64.37,1,1.0038707892542,0.999433583888685
64.38,1,1.00348285638076,0.999873531542392
64.39,1,1.00341228670804,1.00023173390609
64.4,1,1.00365930501528,1.00060379455247
64.41,1,1.0039514118756,1.00102400788925
64.42,1,1.00400050879474,1.00144807977496
64.43,1,1.00379932958553,1.00179741425017
64.44,1,1.00362818847858,1.00197778348293
64.45,1,1.00370825097696,1.00200792245991
64.46,1,1.00396856035672,1.00210741817495
64.47,1,1.00420676596717,1.00251081754213
64.48,1,1.00427802066037,1.00319619286343
64.49,1,1.0041647241864,1.00384202050865
64.5,1,1.00398388590373,1.00416254930102
64.51,1,1.00389449684465,1.00422036242878
64.52,1,1.00396198310171,1.00433019788167
64.53,1,1.00405073189897,1.00472041452703
64.54,1,1.00391359719721,1.00529462970764
64.55,1,1.00348396059594,1.00579970343067
64.56,1,1.00297278485205,1.00617025717828
64.57,1,1.00263913772518,1.00656357095422
64.58,1,1.00255188715266,1.00711024374907
64.59,1,1.00257545816784,1.00779172096751
64.6,1,1.00253008409857,1.0084728807596
64.61,1,1.00232399837261,1.00899562580749
64.62,1,1.0019874476922,1.00932319423301
64.63,1,1.00167221166458,1.00956252363545
64.64,1,1.00155539089113,1.00982861005636
64.65,1,1.00166619785518,1.01010444632949
64.66,1,1.00184300255248,1.01025591315936
64.67,1,1.00186716429091,1.01018278116712
64.68,1,1.00163559419507,1.00997665561458
64.69,1,1.00123723993307,1.00992087793056
64.7,1,1.00086107043516,1.01019960841189
64.71,1,1.00065560310192,1.01064691558916
64.72,1,1.00066864787976,1.01090614499605
64.73,1,1.00074040875229,1.01077748011848
64.74,1,1.00058247141451,1.01043302739615
64.75,1,1.00006950924966,1.01025007499929
64.76,1,0.999362114920065,1.01043901058737
64.77,1,0.998759177340929,1.01086271001426
64.78,1,0.998453888391192,1.01119161561929
64.79,1,0.998400977233567,1.01124544913954
64.8,1,0.998348063203349,1.0111363537047
64.81,1,0.998069909175962,1.01109300131996
64.82,1,0.997661667914189,1.01118240623322
64.83,1,0.997515680954331,1.01124662983394
64.84,1,0.997842696808667,1.01113929397189
64.85,1,0.998382884123757,1.01088381306188
64.86,1,0.998690926166923,1.01059117581825
64.87,1,0.998625853424359,1.01036986258776
64.88,1,0.998480400533668,1.01025252922917
64.89,1,0.998590113349089,1.01014309009664
64.9,1,0.998990418751335,1.00990193840977
64.91,1,0.999442920769339,1.00950975768142
64.92,1,0.999681259492197,1.00909156289661
64.93,1,0.999632278809327,1.0087752887955
64.94,1,0.999442271719768,1.00859043262337
64.95,1,0.999342763876356,1.00853494422635
64.96,1,0.999494705631531,1.00865909293218
64.97,1,0.99983250040751,1.00891146316887
64.98,1,1.00009967386308,1.00907457168965
64.99,1,1.00012831527578,1.00901057587287
65,1,1.00001947338609,1.00883518631039
65.01,1,1.00001304405936,1.00877481963395
65.02,1,1.0002307892009,1.00890245969568
65.03,1,1.00058507311796,1.0090758774408
65.04,1,1.00087032149262,1.0090915387626
65.05,1,1.0009857659083,1.00887313287383
65.06,1,1.00105108503009,1.0085718361941
65.07,1,1.00125216641236,1.00843200982826
65.08,1,1.00168013513433,1.00851729196695
65.09,1,1.0022375486735,1.00870741262084
65.1,1,1.00267679538684,1.00884075592264
65.11,1,1.00284751333136,1.00881152876899
65.12,1,1.00286785666446,1.00867306762447
65.13,1,1.00303336203574,1.00855481781615
65.14,1,1.00354111480084,1.0084295480116
65.15,1,1.00425575177157,1.00813045753892
65.16,1,1.00486374131245,1.00757935817291
65.17,1,1.00521752862151,1.00690092560414
65.18,1,1.00539619138365,1.00636265808806
65.19,1,1.00558697899032,1.00611527447339
65.2,1,1.00598796249915,1.00602963662493
65.21,1,1.00668105723252,1.00581562292521
65.22,1,1.00753382150121,1.0052262796854
65.23,1,1.0083011198367,1.00427628058155
65.24,1,1.00879371348071,1.00328078171802
65.25,1,1.00902927869362,1.00257117646718
65.26,1,1.00922410137643,1.00217193111491
65.27,1,1.00956856330494,1.00178991800207
65.28,1,1.01004761794951,1.00114860516336
65.29,1,1.01045265681264,1.00029846269963
65.3,1,1.01064164720712,0.99953119229576
65.31,1,1.01078022942525,0.99908367954132
65.32,1,1.01115046652498,0.998946225883388
65.33,1,1.01175106117642,0.998847919121387
65.34,1,1.01222637328617,0.998495394283518
65.35,1,1.01225580778183,0.997832021185832
65.36,1,1.01189992038811,0.997051876832587
65.37,1,1.0114762950311,0.996446897982552
65.38,1,1.01126784836784,0.996191664788118
65.39,1,1.01136508313475,0.996155794635496
65.4,1,1.01160426132504,0.995965680397007
65.41,1,1.01170776476647,0.995393827005436
65.42,1,1.01153443086892,0.994646069598893
65.43,1,1.01113461000566,0.994173516165834
65.44,1,1.01067465009182,0.994169653917835
65.45,1,1.01033326560654,0.994371366656534
65.46,1,1.01021293363112,0.994370139159188
65.47,1,1.01026312115016,0.994054943627156
65.48,1,1.01026820395725,0.993743530892559
65.49,1,1.01002959111316,0.993839499398848
65.5,1,1.00954978568728,0.994393554299968
65.51,1,1.00903746425716,0.995079898989438
65.52,1,1.00875282024302,0.99556705290228
65.53,1,1.00877445965709,0.995829792493308
65.54,1,1.0089274126808,0.996148154998782
65.55,1,1.00897929952774,0.996822462880511
65.56,1,1.00886004958383,0.99786932966417
65.57,1,1.00868324704062,0.999003549862467
65.58,1,1.0086160242068,0.999918082945314
65.59,1,1.00873172226586,1.0005869047382
65.6,1,1.00888811774145,1.00125030190535
65.61,1,1.00885225875786,1.00207868492543
65.62,1,1.00856062248591,1.00299523836065
65.63,1,1.00815771408208,1.00382760555379
65.64,1,1.00783683003945,1.00446629530384
65.65,1,1.00770086053692,1.00490322410003
65.66,1,1.00770993301328,1.00523847500895
65.67,1,1.00771786304468,1.00558723955033
65.68,1,1.00757873425377,1.00595795976408
65.69,1,1.00720794724016,1.00627035967129
65.7,1,1.00662956484233,1.00645159893388
65.71,1,1.00599535655658,1.0065623569629
65.72,1,1.00548457894096,1.00675456988421
65.73,1,1.00517621559393,1.00706825566284
65.74,1,1.00502325214917,1.00740318307861
65.75,1,1.00489772736916,1.00769553663119
65.76,1,1.00467380965252,1.00801963548428
65.77,1,1.00434836708623,1.00851785850132
65.78,1,1.004086025496,1.00921336907626
65.79,1,1.00405621859257,1.00991017088936
65.8,1,1.00419593979369,1.01034502871565
65.81,1,1.00426876273215,1.01041338019989
65.82,1,1.00413223333145,1.01028482139132
65.83,1,1.00385481046889,1.01029156847101
65.84,1,1.00363838018638,1.01062466264691
65.85,1,1.00364492283212,1.01112708056507
65.86,1,1.00380981449961,1.01142837879424
65.87,1,1.00388165294375,1.01129070801619
65.88,1,1.0036738515955,1.01080060817281
65.89,1,1.00320831498653,1.01027998590167
65.9,1,1.0027400685772,1.01002824691796
65.91,1,1.00258359221929,1.01004691389445
65.92,1,1.0027638940641,1.01003634230955
65.93,1,1.00293894105242,1.00967887689323
65.94,1,1.00276987109012,1.00890941548876
65.95,1,1.00225678382081,1.00797812064757
65.96,1,1.00168316333378,1.00725172043974
65.97,1,1.00136091703199,1.00685660383083
65.98,1,1.00136799151655,1.00656845105509
65.99,1,1.00144534033122,1.00606074482373
66,1,1.00123505382174,1.00522531945794
66.01,1,1.00066936101264,1.00427252312155
66.02,1,1.00004454741268,1.00349713529543
66.03,1,0.999716924069515,1.00297669994037
66.04,1,0.999787387154897,1.00253672327516
66.05,1,1.00003122709666,1.00197209219223
66.06,1,1.00012575280605,1.00123755189931
66.07,1,0.99991418692915,1.00050002739896
66.08,1,0.999522662675022,0.999945680358129
66.09,1,0.999218362251587,0.999583461518541
66.1,1,0.999089172628646,0.999277887201829
66.11,1,0.99898309616503,0.99886717887673
66.12,1,0.998745146250313,0.998318681350759
66.13,1,0.998413474980398,0.997782983819855
66.14,1,0.998176787165228,0.997429300118612
66.15,1,0.998228900438233,0.997276930367889
66.16,1,0.99863089910699,0.997208232065695
66.17,1,0.9992091848036,0.9970598135102
66.18,1,0.999640258214953,0.996728158365597
66.19,1,0.999799428362497,0.996264722176391
66.2,1,0.999884594202783,0.995854549931997
66.21,1,1.00010912887129,0.995660092470308
66.22,1,1.00051760608724,0.995710079356805
66.23,1,1.00106124878429,0.995976057493719
66.24,1,1.00161418860229,0.996409531066182
66.25,1,1.00201958986203,0.996824554274422
66.26,1,1.00230121327286,0.996998565959382
66.27,1,1.00271859389722,0.99693993863388
66.28,1,1.00349698881919,0.996899957813788
66.29,1,1.00450968752231,0.997112251622871
66.3,1,1.00537474720793,0.997610162123787
66.31,1,1.00589233956924,0.998275524436687
66.32,1,1.00620409974288,0.998934327586966
66.33,1,1.00655376370897,0.999486357316118
66.34,1,1.0070664110049,1.00001605833238
66.35,1,1.00771746258413,1.00064998648631
66.36,1,1.00841864617555,1.00139846218295
66.37,1,1.00907759507257,1.00219821602703
66.38,1,1.00966233756794,1.00295648708346
66.39,1,1.01021545236136,1.00359987940297
66.4,1,1.01074741044962,1.00415643656732
66.41,1,1.01121101680285,1.00475283029711
66.42,1,1.0115779400541,1.00548778361682
66.43,1,1.01182571955851,1.00626173012982
66.44,1,1.01191344284443,1.0068369679129
66.45,1,1.01185340337035,1.00713088012192
66.46,1,1.01175159376819,1.00725582620847
66.47,1,1.01168030564097,1.00735569232431
66.48,1,1.01156260401665,1.00754079532994
66.49,1,1.01129153492027,1.00781906892087
66.5,1,1.010897785865,1.00805141173789
66.51,1,1.01052258436332,1.00807238264991
66.52,1,1.01026322886629,1.00788230289049
66.53,1,1.01010530389654,1.00767750015219
66.54,1,1.00998312076173,1.00765210231821
66.55,1,1.00983077435532,1.00777619258909
66.56,1,1.0095935359956,1.00784667095442
66.57,1,1.00927162099149,1.00774900788232
66.58,1,1.00892992786001,1.00757892732188
66.59,1,1.00864173395744,1.00753769949624
66.6,1,1.00845932260734,1.00773410192545
66.61,1,1.00835389558704,1.00801937486313
66.62,1,1.00820173200827,1.00811086238414
66.63,1,1.00792525091019,1.00790222842703
66.64,1,1.00756966378661,1.00757107511945
66.65,1,1.00722981810592,1.00740011901974
66.66,1,1.00694353547355,1.00746632479923
66.67,1,1.00661236516502,1.00755520798475
66.68,1,1.00609984056689,1.00735854674067
66.69,1,1.00547930189133,1.00674006275508
66.7,1,1.00497708749473,1.00587020517234
66.71,1,1.00467056926924,1.0050978512993
66.72,1,1.00436650344405,1.00466377657241
66.73,1,1.00380194963162,1.00450710284335
66.74,1,1.00295611503782,1.00432455085192
66.75,1,1.00206678555553,1.00380204114101
66.76,1,1.00142447659996,1.00288919576207
66.77,1,1.00110675867435,1.00191039356169
66.78,1,1.0009328492538,1.0013066188723
66.79,1,1.00062788402131,1.00119481876848
66.8,1,0.999998415493257,1.00123491611055
66.81,1,0.999127458759313,1.00097181939115
66.82,1,0.998345151942504,1.00028384640812
66.83,1,0.997918261015783,0.999479967482609
66.84,1,0.997794153140215,0.998962576999441
66.85,1,0.997700168723703,0.998807684611752
66.86,1,0.997431924653526,0.998682044833844
66.87,1,0.997032680371677,0.998275276646955
66.88,1,0.996761265200474,0.99768609013514
66.89,1,0.996787907697714,0.99726485172566
66.9,1,0.996956161082118,0.997216676016524
66.91,1,0.996929940528778,0.99744035319599
66.92,1,0.996534389075687,0.997647566739234
66.93,1,0.995952559928526,0.997580813033879
66.94,1,0.995566346800277,0.997250482985687
66.95,1,0.995562498913125,0.996920159587363
66.96,1,0.995753926947979,0.996799739788767
66.97,1,0.99582546633041,0.996798444649589
66.98,1,0.995698915324883,0.996649513530193
66.99,1,0.995584932059364,0.99620205290535
67,1,0.995663701168115,0.995629155413581
67.01,1,0.995878754850798,0.995328389220062
67.02,1,0.996070551743395,0.995523160372345
67.03,1,0.9961482774286,0.996044896046758
67.04,1,0.996145848863205,0.996509387337145
67.05,1,0.99617897901178,0.996674648937722
67.06,1,0.996369209269126,0.9965917727224
67.07,1,0.996754402071154,0.996507768284188
67.08,1,0.997216419989036,0.996628381143684
67.09,1,0.997560472802131,0.996952111448742
67.1,1,0.997747293374034,0.997314272398769
67.11,1,0.997983903265451,0.997547332493857
67.12,1,0.998467048420334,0.997651185626194
67.13,1,0.999128613038542,0.99776341597289
67.14,1,0.999735389031629,0.997957372370025
67.15,1,1.00012559641376,0.998173261722515
67.16,1,1.00030946251072,0.998365349433653
67.17,1,1.00045563386902,0.998609489220191
67.18,1,1.00075368314045,0.999013167348444
67.19,1,1.00123573794369,0.999568050695432
67.2,1,1.00173898737705,1.00010331471115
67.21,1,1.00207214635688,1.00042951503717
67.22,1,1.00220863074208,1.00053274720024
67.23,1,1.0023138072983,1.00057744167898
67.24,1,1.00259217411386,1.00076056159722
67.25,1,1.00305984829678,1.00114294089318
67.26,1,1.00349714725142,1.00156109324948
67.27,1,1.00368939893967,1.00180381949764
67.28,1,1.00367044125923,1.00184233555335
67.29,1,1.00368693922928,1.00183968986434
67.3,1,1.00391296318651,1.00200838375308
67.31,1,1.00426542206794,1.00243571905032
67.32,1,1.0045470681935,1.00305327475802
67.33,1,1.00470272183501,1.00368951468158
67.34,1,1.00485516347056,1.00416405793284
67.35,1,1.00508415465472,1.00442228068205
67.36,1,1.00529163324686,1.00454821279131
67.37,1,1.00532807870022,1.00467375799524
67.38,1,1.00515521639512,1.00489345025208
67.39,1,1.00486914336756,1.00516750865502
67.4,1,1.00464563252341,1.00534689563887
67.41,1,1.00454145582791,1.00533098372149
67.42,1,1.00439553249293,1.00515927006488
67.43,1,1.00408462985678,1.00501842065452
67.44,1,1.00376165670315,1.00508073351552
67.45,1,1.00370761519399,1.00533200338318
67.46,1,1.00397492156918,1.0056071724722
67.47,1,1.00430140983583,1.00574153725923
67.48,1,1.00436981447723,1.00569749739754
67.49,1,1.00414777856899,1.00554388343531
67.5,1,1.00394160799715,1.00538740609392
67.51,1,1.00409735366147,1.00530683659795
67.52,1,1.00465041104518,1.00522876647403
67.53,1,1.00524398071772,1.00499363186407
67.54,1,1.00547986015425,1.0045698570353
67.55,1,1.00530637851594,1.00410928728483
67.56,1,1.0050318879131,1.00380246856529
67.57,1,1.00500358619874,1.00367195431844
67.58,1,1.00521315887273,1.00354421078566
67.59,1,1.00533791507747,1.00327029433886
67.6,1,1.00515608438125,1.00292416442872
67.61,1,1.00478866831307,1.00265181788859
67.62,1,1.00453237341562,1.00246480336694
67.63,1,1.00457108368817,1.00229720347565
67.64,1,1.00484866945421,1.0020981365828
67.65,1,1.00519632252993,1.00188491868539
67.66,1,1.00552023475759,1.00167608355104
67.67,1,1.00582926851918,1.00138518004195
67.68,1,1.00620796597199,1.00097069662048
67.69,1,1.00669401023516,1.00053385866239
67.7,1,1.00719150243285,1.00020113153782
67.71,1,1.0075799807879,0.999998059561332
67.72,1,1.00781329934021,0.999813389248857
67.73,1,1.0079144593929,0.999541968726465
67.74,1,1.00797116159811,0.999237582667572
67.75,1,1.00807229392661,0.999059709322222
67.76,1,1.0082079812082,0.999091733051073
67.77,1,1.00826406702804,0.999268299872692
67.78,1,1.00817214212059,0.999461293723714
67.79,1,1.007959369231,0.999590166260882
67.8,1,1.00767444615263,0.999739638801903
67.81,1,1.00739069636077,1.00005298560907
67.82,1,1.00717392021831,1.0005038346083
67.83,1,1.00702486639347,1.00090895450046
67.84,1,1.00685707329392,1.00106267000702
67.85,1,1.00658673597391,1.00094926809971
67.86,1,1.00625329077486,1.00079480926315
67.87,1,1.00597690394308,1.00082312268242
67.88,1,1.00582434360384,1.00104827570852
67.89,1,1.00571692552246,1.00131807556134
67.9,1,1.00550038373232,1.0014804903377
67.91,1,1.00512945392586,1.00152684075757
67.92,1,1.00472488680383,1.00158868814316
67.93,1,1.0044023066802,1.00178257478489
67.94,1,1.00411608114743,1.00209408991526
67.95,1,1.00370316400162,1.00237410066908
67.96,1,1.00306883162536,1.00247668243863
67.97,1,1.00233920870037,1.00243334355226
67.98,1,1.00176206837527,1.0024214836333
67.99,1,1.00144232312526,1.00258552711942
68,1,1.00119019384263,1.00286852217099
68.01,1,1.00070807373887,1.00307554485028
68.02,1,0.999919179710763,1.00313064521909
68.03,1,0.999021871426072,1.00316069271639
68.04,1,0.998258505719635,1.00337196593715
68.05,1,0.997702572182963,1.00381617311743
68.06,1,0.997313981620228,1.00426097119045
68.07,1,0.997046857402176,1.00441711535915
68.08,1,0.996785287182025,1.00425025414287
68.09,1,0.996399331535846,1.00401169694292
68.1,1,0.995909372929794,1.00399395660524
68.11,1,0.995473926739735,1.00425099099739
68.12,1,0.995278196170953,1.00454418756432
68.13,1,0.995393007935696,1.00457725654291
68.14,1,0.995695669681934,1.00429741398066
68.15,1,0.995954127381887,1.00394700833498
68.16,1,0.995980521450564,1.00381557438982
68.17,1,0.995753283051218,1.00402336306142
68.18,1,0.995404041847688,1.00444955311766
68.19,1,0.995099128830953,1.0048071423802
68.2,1,0.99491908316842,1.00489060045679
68.21,1,0.99481897325632,1.00474912151679
68.22,1,0.994678835072851,1.00460206563436
68.23,1,0.994414775341319,1.00467826345472
68.24,1,0.994094707728723,1.00505162984789
68.25,1,0.993883570092716,1.00551886884087
68.26,1,0.993875971698412,1.00577757460406
68.27,1,0.994018543181334,1.00575523278415
68.28,1,0.994159102783999,1.00564517964113
68.29,1,0.994212081138968,1.00565686836222
68.3,1,0.994212833026883,1.00580001783845
68.31,1,0.994231882871829,1.00589608432971
68.32,1,0.994297243289937,1.00576242768409
68.33,1,0.994409385614574,1.00542388275084
68.34,1,0.99457096264402,1.0051474483165
68.35,1,0.994797133369685,1.00517378575678
68.36,1,0.995081934411651,1.00547554995509
68.37,1,0.995354833712636,1.0057539228464
68.38,1,0.995562689727378,1.00570814727681
68.39,1,0.995813207546111,1.0053343477224
68.4,1,0.99630971871473,1.00490362729118
68.41,1,0.997062046760888,1.00470133569553
68.42,1,0.997857958743354,1.00478545622787
68.43,1,0.998473481136679,1.0049687902686
68.44,1,0.998820507825281,1.00498636886022
68.45,1,0.998991882798357,1.00477922923413
68.46,1,0.999192413456976,1.00460964851917
68.47,1,0.999559894352867,1.00473980399327
68.48,1,1.00005480788473,1.00512913366019
68.49,1,1.00054947042824,1.00551221227448
68.5,1,1.00095860006398,1.00565853366626
68.51,1,1.00129173892986,1.00558205332662
68.52,1,1.00161037377254,1.00546163363572
68.53,1,1.00193556067931,1.00542420556212
68.54,1,1.00220703742767,1.00547830534795
68.55,1,1.00239229295507,1.0055210592007
68.56,1,1.00256721616194,1.00541877869864
68.57,1,1.00273027601458,1.00512444455002
68.58,1,1.00272987387927,1.00469169451822
68.59,1,1.00248421839797,1.00421182522175
68.6,1,1.00214083563762,1.00376055851401
68.61,1,1.00193837838569,1.00334665410793
68.62,1,1.00196689641303,1.00292642942683
68.63,1,1.00212105295242,1.00248922837041
68.64,1,1.00216316281032,1.00207414933215
68.65,1,1.00191122219907,1.00172893905336
68.66,1,1.00146314075215,1.00149534017609
68.67,1,1.00112049684782,1.00134437797796
68.68,1,1.00105941905531,1.00117344031927
68.69,1,1.00113910366802,1.00092811613427
68.7,1,1.00105876763707,1.00066746802726
68.71,1,1.00071464991608,1.00049221047168
68.72,1,1.00029978731644,1.00042490635637
68.73,1,0.999995085224534,1.0003771112724
68.74,1,0.999769015015367,1.00024561983221
68.75,1,0.999528752264702,1.00004605582842
68.76,1,0.999281414702397,0.999920705118344
68.77,1,0.999049319405168,0.999999385788796
68.78,1,0.998783273824351,1.00027312155287
68.79,1,0.998431376710767,1.00060538310454
68.8,1,0.998030913370903,1.00088054977394
68.81,1,0.99769987303068,1.00111192240803
68.82,1,0.997472831365168,1.00137388921621
68.83,1,0.997199986509947,1.00167908688109
68.84,1,0.996709333534162,1.00198217611229
68.85,1,0.996047406612262,1.00226258147279
68.86,1,0.995445697891952,1.00254758928024
68.87,1,0.99503274796613,1.00286222754329
68.88,1,0.994672683623412,1.00315794607927
68.89,1,0.994146146289179,1.00338384193947
68.9,1,0.99341494587739,1.00357790308488
68.91,1,0.992677068115495,1.00382697420652
68.92,1,0.992188861505285,1.00416181949672
68.93,1,0.991976428911012,1.00446624290009
68.94,1,0.991793052722916,1.00456428669483
68.95,1,0.991421124169177,1.00441374235472
68.96,1,0.990914069285345,1.0041282927754
68.97,1,0.990537369952656,1.00384794292179
68.98,1,0.990506899667205,1.00368606545976
68.99,1,0.990808107676699,1.0036881380555
69,1,0.99125380854366,1.00377990577588
69.01,1,0.99164462985099,1.00381832217947
69.02,1,0.991941231351447,1.0036785154394
69.03,1,0.992296675973332,1.00336296715149
69.04,1,0.992810981572748,1.0030297167127
69.05,1,0.993406456250581,1.00279919149972
69.06,1,0.993970159586768,1.00261914598955
69.07,1,0.994462789441006,1.00241121051396
69.08,1,0.99490212773019,1.00218144828116
69.09,1,0.995346141154267,1.00195644574411
69.1,1,0.995852710033987,1.00172809536412
69.11,1,0.996425017386648,1.00149018442545
69.12,1,0.997022414573431,1.00125168824061
69.13,1,0.997593079467459,1.00103135446758
69.14,1,0.99814205521424,1.00085843190137
69.15,1,0.998737042108142,1.00066809270097
69.16,1,0.999407947442807,1.00036983733658
69.17,1,1.00010084920939,1.00003850932306
69.18,1,1.0007662605425,0.999836346732604
69.19,1,1.00142756020168,0.999802370400677
69.2,1,1.00213620986256,0.999818143557997
69.21,1,1.00293640449244,0.999745692488272
69.22,1,1.0038223307217,0.999552762862748
69.23,1,1.00469787552548,0.999316477795541
69.24,1,1.00544583764949,0.999139587226329
69.25,1,1.00603613104424,0.999081832404318
69.26,1,1.00649584972229,0.999137124147197
69.27,1,1.00685071040247,0.999257837596141
69.28,1,1.00717731533633,0.999369401912771
69.29,1,1.00758622217685,0.999378287456037
69.3,1,1.00811987708607,0.999221216528016
69.31,1,1.00865179565244,0.998965176090532
69.32,1,1.00894697182704,0.998830716414987
69.33,1,1.00896815469934,0.998982775369652
69.34,1,1.00896243706999,0.999340623902528
69.35,1,1.00916662552437,0.999653241346186
69.36,1,1.00954587377522,0.99971173680633
69.37,1,1.0098108949314,0.999555032280533
69.38,1,1.00969379515322,0.999430217602898
69.39,1,1.00921763158143,0.999522237106883
69.4,1,1.00862733451309,0.999758933760029
69.41,1,1.00814730490055,0.999883798287556
69.42,1,1.00786145648417,0.999771282738142
69.43,1,1.00766648535349,0.999624599353975
69.44,1,1.0074144070933,0.999733597568791
69.45,1,1.00715580799248,1.0001210201719
69.46,1,1.00700930307935,1.00058594678649
69.47,1,1.00694790570186,1.00094428919878
69.48,1,1.00695491802992,1.0011936667416
69.49,1,1.00707924995306,1.00153342616492
69.5,1,1.00725350768458,1.00216457181129
69.51,1,1.0073186682289,1.00302961058458
69.52,1,1.00723891387746,1.00384398898307
69.53,1,1.0071686919709,1.00440831259566
69.54,1,1.00727006980673,1.00482179750576
69.55,1,1.00753404065874,1.00533652613345
69.56,1,1.00782255266763,1.00608523867534
69.57,1,1.00801564798138,1.00699715579165
69.58,1,1.00809351428795,1.00787959369635
69.59,1,1.00812673414821,1.00854190342446
69.6,1,1.00813598852846,1.00894191258219
69.61,1,1.00805730971771,1.00920643435323
69.62,1,1.00786532404752,1.00947898959827
69.63,1,1.00763394511222,1.00980489821731
69.64,1,1.0074481830953,1.01010862972393
69.65,1,1.00728001007987,1.01024784426224
69.66,1,1.00705854731852,1.0101926651993
69.67,1,1.00678340994305,1.01010790073972
69.68,1,1.00649456547628,1.01021751785408
69.69,1,1.0062353042012,1.01061266649383
69.7,1,1.00604835433134,1.01116499480223
69.71,1,1.00592934916402,1.01162114086429
69.72,1,1.00580412563565,1.01183053533891
69.73,1,1.00560135762509,1.01187535974815
69.74,1,1.00530947613796,1.01195312158297
69.75,1,1.00495033325323,1.01219366335543
69.76,1,1.00456643085384,1.01254684104476
69.77,1,1.00420613377908,1.01287255610538
69.78,1,1.00388773413419,1.01311214764995
69.79,1,1.00360446758063,1.01331381513257
69.8,1,1.00330975681092,1.01356198045677
69.81,1,1.00291917262657,1.01381395319717
69.82,1,1.00238641037042,1.01388976115891
69.83,1,1.00176312458275,1.01370474467819
69.84,1,1.0011398386107,1.01334415647864
69.85,1,1.00063477040504,1.01295168973968
69.86,1,1.00035446600717,1.01263401176298
69.87,1,1.00024861112833,1.01243310783763
69.88,1,1.00014690880576,1.01230106873704
69.89,1,0.999863700626441,1.0121249661087
69.9,1,0.999347924447222,1.01181558650493
69.91,1,0.998800449925466,1.01137794302779
69.92,1,0.998503605636537,1.01095545349323
69.93,1,0.998513813644252,1.01070689683003
69.94,1,0.998575549685237,1.01061497625695
69.95,1,0.998437304309628,1.01054057879732
69.96,1,0.998123378211764,1.01038865888644
69.97,1,0.997863251369217,1.01016337778409
69.98,1,0.997862555447058,1.00989650595023
69.99,1,0.99810188011233,1.00957119012934
70,1,0.998286682669685,1.00913627069107
70.01,1,0.998124381897969,1.00859437752363
70.02,1,0.997640282317106,1.00808805795619
70.03,1,0.997158795995497,1.00773947981929
70.04,1,0.997016965693824,1.0074227430927
70.05,1,0.997249034266426,1.00693304414055
70.06,1,0.99759066750919,1.00631024599425
70.07,1,0.997758140589682,1.00580786665229
70.08,1,0.997706557088544,1.00563113468109
70.09,1,0.997648609484455,1.00575015053607
70.1,1,0.99788609996884,1.0058780886127
70.11,1,0.998521601777526,1.00573742803783
70.12,1,0.999330572337363,1.00538710400732
70.13,1,1.0000006339795,1.00517597653174
70.14,1,1.00042828117266,1.00538771524661
70.15,1,1.00075779732777,1.00592133629727
70.16,1,1.00112771393791,1.00633192405638
70.17,1,1.00150196220725,1.00632457731012
70.18,1,1.0017729766711,1.00609812769696
70.19,1,1.0019002374625,1.00608266117575
70.2,1,1.00189577773492,1.00645743827605
70.21,1,1.00178455311045,1.00702390838673
70.22,1,1.00161526885241,1.00745974391751
70.23,1,1.00143528367953,1.00760812308446
70.24,1,1.001259106166,1.00757557821312
70.25,1,1.00110467192603,1.00756950931099
70.26,1,1.00104421051329,1.00771207409219
70.27,1,1.00115501668868,1.00800251968247
70.28,1,1.00139371893123,1.00835068126446
70.29,1,1.00160935087864,1.00863307894678
70.3,1,1.00170136267893,1.00876359974501
70.31,1,1.00168262337252,1.00876132832901
70.32,1,1.00162009673655,1.00876223816693
70.33,1,1.0015848605102,1.00889254073661
70.34,1,1.00162057850726,1.00912557388616
70.35,1,1.00170590775098,1.00929086114256
70.36,1,1.00176637768941,1.00921556793094
70.37,1,1.0017546303219,1.00882850617406
70.38,1,1.0016992044447,1.00824310244387
70.39,1,1.00165298769834,1.00775284671023
70.4,1,1.00162730278421,1.00758616702808
70.41,1,1.00156791067827,1.00766530165593
70.42,1,1.00141472635124,1.00769050648313
70.43,1,1.00125969746374,1.00741593484107
70.44,1,1.00134236623202,1.00685790436778
70.45,1,1.00179442076904,1.00628192153788
70.46,1,1.00247592057544,1.00595222659608
70.47,1,1.00311539606278,1.00586056798127
70.48,1,1.00353983546199,1.00575913054402
70.49,1,1.00375432862449,1.00550758718499
70.5,1,1.00386929715782,1.00527399881914
70.51,1,1.00399459335534,1.00526463430378
70.52,1,1.00419482525609,1.00538538834318
70.53,1,1.00443961708057,1.00536290996608
70.54,1,1.00463869182139,1.00510116641745
70.55,1,1.00476294431035,1.00477313571534
70.56,1,1.00487443271394,1.00461503014499
70.57,1,1.00507140153214,1.00468311360039
70.58,1,1.00531618882803,1.00478682901294
70.59,1,1.0054147193564,1.00471942186978
70.6,1,1.00527241765958,1.00448476736513
70.61,1,1.00497553096677,1.00426529386011
70.62,1,1.00462497010792,1.00424239773253
70.63,1,1.00422359474325,1.00441405126125
70.64,1,1.00374691428757,1.00458839068584
70.65,1,1.00324078716442,1.00459830820679
70.66,1,1.00280149827253,1.00447199144895
70.67,1,1.00246306340814,1.0043388410163
70.68,1,1.00214855221127,1.00427338909372
70.69,1,1.00177362086316,1.0042801190067
70.7,1,1.00133323577451,1.00435878741707
70.71,1,1.00089828112401,1.00449687391711
70.72,1,1.00050527485018,1.00461908187617
70.73,1,1.00011850298896,1.00461709288526
70.74,1,0.999745810174314,1.00443599641884
70.75,1,0.999422163328104,1.00411796810562
70.76,1,0.999147379405854,1.00375999594072
70.77,1,0.998914835795914,1.00341273746246
70.78,1,0.998700538504069,1.00304889955338
70.79,1,0.998468896822649,1.00267381371597
70.8,1,0.998198102683272,1.00238224625994
70.81,1,0.997890531461795,1.00223612941522
70.82,1,0.997563482725195,1.00214583081669
70.83,1,0.997215373824665,1.00195767023642
70.84,1,0.996856185786802,1.00163517725535
70.85,1,0.996528220448649,1.00130429627212
70.86,1,0.996270096494335,1.0011092623806
70.87,1,0.996108040414711,1.00106865516036
70.88,1,0.996032795319333,1.00106174384442
70.89,1,0.995957021995339,1.00097328001184
70.9,1,0.995811609325463,1.00086266860686
70.91,1,0.995664990466058,1.00091071726591
70.92,1,0.995649564633979,1.00121295656651
70.93,1,0.995825602158207,1.00164428037842
70.94,1,0.996143460119517,1.00196117043714
70.95,1,0.996527126658201,1.00200401794902
70.96,1,0.9969304409479,1.00180499277352
70.97,1,0.9973723245415,1.00159815499516
70.98,1,0.99795510269671,1.00167421491013
70.99,1,0.998687039948475,1.0021104699604
71,1,0.999401169694677,1.00264257203904
71.01,1,0.999977981514722,1.00287090010446
71.02,1,1.00044489484769,1.00266393395147
71.03,1,1.00089772340565,1.00233020199015
71.04,1,1.00140956042843,1.00230272338651
71.05,1,1.00192303577725,1.00271343814871
71.06,1,1.00223711998648,1.00328894924607
71.07,1,1.00224422312071,1.00357714840202
71.08,1,1.00212605819885,1.00336282656337
71.09,1,1.00222802403975,1.00288585227997
71.1,1,1.00274620954832,1.00255286485492
71.11,1,1.00354890209221,1.00255553991809
71.12,1,1.00432761057739,1.00278982660128
71.13,1,1.00485366571933,1.00306986636066
71.14,1,1.00513869794144,1.003356036534
71.15,1,1.00536549969207,1.00371254839508
71.16,1,1.00567950658141,1.00417954789611
71.17,1,1.0060459249453,1.00470344450922
71.18,1,1.00627577703123,1.0051781023167
71.19,1,1.00622648444363,1.00553001802093
71.2,1,1.00592763133902,1.00571779326857
71.21,1,1.00553119414164,1.0057559540861
71.22,1,1.00525952853006,1.00571643789337
71.23,1,1.00526130027169,1.00569380922902
71.24,1,1.0053706357493,1.00580525529134
71.25,1,1.00523914514002,1.00610057209699
71.26,1,1.00473743377888,1.00647400746618
71.27,1,1.00403713127982,1.00675803667998
71.28,1,1.00338825826056,1.00688163408333
71.29,1,1.00287261648986,1.00695659693981
71.3,1,1.00238565092721,1.00719454024446
71.31,1,1.0018254109209,1.0076750717124
71.32,1,1.00120945122211,1.0082081506824
71.33,1,1.00066018431162,1.00852992353527
71.34,1,1.00027936906951,1.00863595234322
71.35,1,1.00001025064057,1.00876014058924
71.36,1,0.999675729441336,1.00907668861574
71.37,1,0.999214008778162,1.00951441097209
71.38,1,0.998783956393565,1.00983152199698
71.39,1,0.998548079789777,1.00985202593157
71.4,1,0.998473782970841,1.00968846303496
71.41,1,0.99842579663684,1.00966024673283
71.42,1,0.998322654387794,1.00991416324215
71.43,1,0.99819830472515,1.01029369231706
71.44,1,0.998151910894603,1.01058834682772
71.45,1,0.998205714558588,1.0107163906646
71.46,1,0.998282732722671,1.01069205686528
71.47,1,0.998326469283856,1.01058142010128
71.48,1,0.9983728618151,1.01045996060425
71.49,1,0.998487895410053,1.01036581616495
71.5,1,0.9986593438483,1.01030794656137
71.51,1,0.998809471081274,1.01026256996436
71.52,1,0.998890498772992,1.01019488685088
71.53,1,0.998909371549827,1.0101052588092
71.54,1,0.998904026720104,1.01001691859205
71.55,1,0.998968390864108,1.00991348314926
71.56,1,0.999180471750204,1.00970539052665
71.57,1,0.999471304208341,1.00934542491894
71.58,1,0.999712678069898,1.00889800016623
71.59,1,0.999839321736284,1.00846851220311
71.6,1,0.999878446140511,1.00813255593291
71.61,1,0.999938113871563,1.00787979865622
71.62,1,1.00013433213547,1.00761127573945
71.63,1,1.00047575501978,1.00719631891083
71.64,1,1.00080890734474,1.00658773212627
71.65,1,1.00099564274459,1.00589404342627
71.66,1,1.00108438886505,1.00532732238874
71.67,1,1.00122001061109,1.00499569177528
71.68,1,1.00144799799914,1.00469766504156
71.69,1,1.00164256106532,1.0040974529068
71.7,1,1.0015904875513,1.00319541459039
71.71,1,1.00121678877426,1.00239707415028
71.72,1,1.0007631671225,1.0020308237635
71.73,1,1.00055900863912,1.00201114747748
71.74,1,1.00068093107258,1.00195467514652
71.75,1,1.00094060782952,1.00154608997754
71.76,1,1.00110875817058,1.00087635449542
71.77,1,1.00104681725685,1.00041173764219
71.78,1,1.00076686885087,1.00055126277012
71.79,1,1.00048513235675,1.00120645608058
71.8,1,1.00043157779803,1.00187337821063
71.81,1,1.00061472167666,1.00212519880271
71.82,1,1.00083455853842,1.00201316674488
71.83,1,1.00088496117497,1.00196699699095
71.84,1,1.00073716898141,1.00234840127115
71.85,1,1.00054780190153,1.00313083214818
71.86,1,1.0005287425788,1.0039458881505
71.87,1,1.00079643149698,1.00447542154947
71.88,1,1.00126056791549,1.004787910258
71.89,1,1.00168053823775,1.00524792012711
71.9,1,1.00187116672385,1.00611630511787
71.91,1,1.00185770225823,1.00721629074618
71.92,1,1.00184705863229,1.00806496447503
71.93,1,1.00202369233946,1.00836843910711
71.94,1,1.0023555646905,1.00832546075788
71.95,1,1.00266044075308,1.00841231740173
71.96,1,1.00283817365438,1.00890825605891
71.97,1,1.0029575269383,1.00964211418343
71.98,1,1.00313990204267,1.01018465930968
71.99,1,1.00338462424786,1.01028076679951
72,1,1.00355925126612,1.01013387104189
72.01,1,1.00356268867065,1.01019188338494
72.02,1,1.00347761390504,1.01063722408381
72.03,1,1.00351397220986,1.01122356831361
72.04,1,1.00376214859785,1.01150338458295
72.05,1,1.00407609120926,1.01119576379674
72.06,1,1.00421804104153,1.01044730336886
72.07,1,1.00409038855838,1.00970586784157
72.08,1,1.00380959780295,1.00926748277214
72.09,1,1.00358431654627,1.00898326039862
72.1,1,1.00354149707649,1.00847314335644
72.11,1,1.00362113201377,1.00756607712506
72.12,1,1.00365073099607,1.00651703684492
72.13,1,1.00354790125989,1.00580104760056
72.14,1,1.00335435373394,1.00563482141247
72.15,1,1.00309965490975,1.0057654195258
72.16,1,1.00280802304257,1.00574781982616
72.17,1,1.00252562086927,1.00534592936887
72.18,1,1.00223671345017,1.00471718428159
72.19,1,1.00187620990247,1.0041866106898
72.2,1,1.00138320441044,1.00387578914186
72.21,1,1.00077060007601,1.00365136673115
72.22,1,1.00014184340907,1.00329106759868
72.23,1,0.999586800072655,1.00269666805169
72.24,1,0.999091008416035,1.00202823398852
72.25,1,0.998581254758421,1.00150711053059
72.26,1,0.99807403490265,1.00118765834042
72.27,1,0.997667638901512,1.00095902989943
72.28,1,0.997417631033776,1.00063913071172
72.29,1,0.99728548627499,1.00013714290249
72.3,1,0.997161802833981,0.999578873012112
72.31,1,0.996964739162791,0.999156063656832
72.32,1,0.99672060354746,0.998901495384777
72.33,1,0.996554118379114,0.998705441190026
72.34,1,0.9966144043775,0.998489094350378
72.35,1,0.996940355311308,0.998285507947818
72.36,1,0.997413698783433,0.998195625796946
72.37,1,0.997880018033542,0.998316050852612
72.38,1,0.998249437204182,0.998664819367134
72.39,1,0.998505481535777,0.999141531358598
72.4,1,0.998738922447394,0.999615763208838
72.41,1,0.999103211350324,1.00006582327692
72.42,1,0.999648654385527,1.00052027420373
72.43,1,1.00025021326373,1.00096652897467
72.44,1,1.0006711019413,1.00140384225335
72.45,1,1.0007685790902,1.00185630310962
72.46,1,1.00070362259596,1.00230318848947
72.47,1,1.00077721150039,1.00269122190987
72.48,1,1.00107931288151,1.00301700757376
72.49,1,1.00143723132907,1.0033553549774
72.5,1,1.00161204328097,1.00376234533318
72.51,1,1.00152965967326,1.00421212182121
72.52,1,1.00133051853973,1.0046942086613
72.53,1,1.00122864222675,1.00518989749284
72.54,1,1.00133356527809,1.00559493333954
72.55,1,1.00152109335824,1.00585303433613
72.56,1,1.00157253716833,1.00603661795139
72.57,1,1.00148810774024,1.00621999745757
72.58,1,1.00145032416652,1.00639753636196
72.59,1,1.00150593840895,1.00657276635036
72.6,1,1.00154959126027,1.00677373383208
72.61,1,1.00154832943801,1.00697974888721
72.62,1,1.00159505050003,1.00713191027671
72.63,1,1.00178925807994,1.00716200018835
72.64,1,1.00210799131786,1.00699169409644
72.65,1,1.00243661695926,1.00661042803347
72.66,1,1.00266899421953,1.00618557708879
72.67,1,1.00270710677859,1.00593525171223
72.68,1,1.0025342393263,1.00590603820201
72.69,1,1.00229277924663,1.00597296920175
72.7,1,1.00219943217571,1.00600172938038
72.71,1,1.00235061465015,1.0059256751237
72.72,1,1.00258747898022,1.00570552953139
72.73,1,1.00269793376341,1.00540517648068
72.74,1,1.00265426503635,1.0051892785643
72.75,1,1.0026180259398,1.00514183241897
72.76,1,1.00277196583745,1.00516768131502
72.77,1,1.00305754664377,1.00503774344303
72.78,1,1.00325432500492,1.00462838182647
72.79,1,1.00330163115095,1.00409744047039
72.8,1,1.00332488023434,1.00379189975652
72.81,1,1.0034306759579,1.00394282994381
72.82,1,1.00359329367738,1.00438780908542
72.83,1,1.00370886206115,1.00471861317771
72.84,1,1.0037079702375,1.00469739481436
72.85,1,1.00358584265328,1.00447870209253
72.86,1,1.00341332147592,1.00439108593934
72.87,1,1.00329894243652,1.00456772367883
72.88,1,1.00327693828483,1.00483429229246
72.89,1,1.00327777724923,1.00491824487475
72.9,1,1.00321291935116,1.00472793093112
72.91,1,1.00305981382187,1.00438674535273
72.92,1,1.00283735002099,1.00410179733786
72.93,1,1.00256780626712,1.00395656778287
72.94,1,1.00231827367603,1.00384410548711
72.95,1,1.00217736238734,1.00363099347015
72.96,1,1.00213516795657,1.0033131776998
72.97,1,1.00205901679301,1.00303139945628
72.98,1,1.00184412406945,1.00293734481376
72.99,1,1.0015107175537,1.00301648448724
73,1,1.00116698479879,1.00299978683382
73.01,1,1.0008800980018,1.00262444514478
73.02,1,1.00061432736674,1.00197874887232
73.03,1,1.00031986286454,1.00137117488453
73.04,1,0.9999994024275,1.00099957863786
73.05,1,0.999694118934761,1.00082188666522
73.06,1,0.999418934550656,1.00063462658264
73.07,1,0.999195549850616,1.0002452945267
73.08,1,0.999070476468276,0.999642877339022
73.09,1,0.999042637141806,0.999051552497138
73.1,1,0.999083022216517,0.998729889571941
73.11,1,0.999185918444263,0.998697195521499
73.12,1,0.999372679140651,0.998764632914765
73.13,1,0.999646237816641,0.998755661815546
73.14,1,0.999973197716376,0.998560074858439
73.15,1,1.00033397465439,0.99814583276021
73.16,1,1.0006430794152,0.997609292397005
73.17,1,1.00075880651003,0.997144205013366
73.18,1,1.00069181208887,0.99687454522812
73.19,1,1.00060886166031,0.996736234840484
73.2,1,1.00068046297313,0.996576017955573
73.21,1,1.00097800006327,0.996355603297937
73.22,1,1.00139899089922,0.996190589808768
73.23,1,1.00169929898207,0.996191222533363
73.24,1,1.00170076127868,0.996328748747781
73.25,1,1.00146744486776,0.996433685669026
73.26,1,1.00122891797319,0.996376194685536
73.27,1,1.0011585012739,0.996198693582257
73.28,1,1.00121874367811,0.996050184475423
73.29,1,1.00124114409352,0.996058316804287
73.3,1,1.001185843384,0.996245452438591
73.31,1,1.00119962693699,0.996495412759505
73.32,1,1.00138515313407,0.996631123335085
73.33,1,1.0016720634883,0.996573941470366
73.34,1,1.00190362622007,0.996360105867864
73.35,1,1.00198091838249,0.996123996671243
73.36,1,1.00195256289698,0.996056045809234
73.37,1,1.00199601383734,0.996193661793911
73.38,1,1.00222350675702,0.996298007911404
73.39,1,1.00252558674384,0.996056893537759
73.4,1,1.00271050167241,0.995407070686206
73.41,1,1.00273413327787,0.994640092123445
73.42,1,1.00276077101139,0.994149282005784
73.43,1,1.0029840661203,0.994035752893388
73.44,1,1.00340402280459,0.994025010170959
73.45,1,1.00378414451695,0.993751020613516
73.46,1,1.00384424728472,0.993108775904149
73.47,1,1.00355875567116,0.992354827601903
73.48,1,1.00319710895547,0.991864418753205
73.49,1,1.00305738557575,0.991801065038778
73.5,1,1.00321989512518,0.992035692983883
73.51,1,1.00353639527446,0.992344712121514
73.52,1,1.00379192001754,0.992603118164394
73.53,1,1.00390673430912,0.992799417499196
73.54,1,1.0040170456826,0.992976989822961
73.55,1,1.00432012354345,0.993187579674321
73.56,1,1.00490174430148,0.993477010648135
73.57,1,1.0056382989134,0.993877939537316
73.58,1,1.00625028942188,0.994347335108848
73.59,1,1.0065549069779,0.994750982311565
73.6,1,1.00662320446247,0.994985857591615
73.61,1,1.00670146622381,0.995127644998612
73.62,1,1.00695916942608,0.99535499573826
73.63,1,1.00730587514265,0.99567655292179
73.64,1,1.00749844174861,0.995910774961289
73.65,1,1.00743711511709,0.995961739347336
73.66,1,1.00728306472606,0.995945245780305
73.67,1,1.00723904190616,0.996096493099518
73.68,1,1.00725844401009,0.996552234153094
73.69,1,1.00704976784161,0.997123447504445
73.7,1,1.00644427445863,0.997434813595834
73.71,1,1.00564285529305,0.997346020973527
73.72,1,1.00501410308818,0.997177447883011
73.73,1,1.00474803213481,0.997410485029594
73.74,1,1.00471030649781,0.99818463192376
73.75,1,1.00456111451994,0.999148919971752
73.76,1,1.00405398823988,0.999765190524167
73.77,1,1.00326618249396,0.999864841868729
73.78,1,1.00257208360956,0.999807932485908
73.79,1,1.00235374888409,0.999954310487758
73.8,1,1.00259124793181,1.0002795991641
73.81,1,1.00287235634284,1.00055777563445
73.82,1,1.00281265812234,1.00067397687948
73.83,1,1.00236506329227,1.00075853968244
73.84,1,1.00185334043651,1.00099697520632
73.85,1,1.00164798043615,1.00135973175455
73.86,1,1.00174577796334,1.00165931122219
73.87,1,1.00179830272519,1.00176621093278
73.88,1,1.00154132722792,1.00168922001367
73.89,1,1.00106054180846,1.00155955675878
73.9,1,1.00069784505905,1.00157782586714
73.91,1,1.000702354922,1.00183891719057
73.92,1,1.00093947044155,1.00221336038961
73.93,1,1.00107108864493,1.00246875341356
73.94,1,1.00090320978442,1.00247420977505
73.95,1,1.00048479964337,1.00225181415922
73.96,1,1.00004656696701,1.00191440844271
73.97,1,0.999819156626964,1.00166214571418
73.98,1,0.999820845951087,1.00165709214917
73.99,1,0.999826740841479,1.00186145813243
74,1,0.999639858426278,1.00209192384888
74.01,1,0.999367206548365,1.00220294603778
74.02,1,0.999277463916515,1.00218760765153
74.03,1,0.999479749480999,1.00214409070453
74.04,1,0.999801764242371,1.0021346923369
74.05,1,0.999928774693691,1.00215176534404
74.06,1,0.999684788893538,1.00219551811851
74.07,1,0.999214124568506,1.00226734306338
74.08,1,0.998831727310951,1.00234913702818
74.09,1,0.998665509244134,1.0023830857928
74.1,1,0.998602640017493,1.00229252382638
74.11,1,0.998512469011191,1.00212641767103
74.12,1,0.998387593312321,1.00209827569038
74.13,1,0.998311889947833,1.00235594135169
74.14,1,0.998317644271569,1.00280097048658
74.15,1,0.998385158705293,1.00316247085143
74.16,1,0.998478109233595,1.00323104488515
74.17,1,0.998547454968169,1.0030837139233
74.18,1,0.998576402891473,1.00296335220717
74.19,1,0.998586997665333,1.00298996168586
74.2,1,0.998617442931143,1.00313622583709
74.21,1,0.99863642437801,1.00325622051861
74.22,1,0.998556801803433,1.00315740276967
74.23,1,0.998358026326534,1.00283186748762
74.24,1,0.998088292759231,1.0024940636428
74.25,1,0.997788394102686,1.00235174074362
74.26,1,0.997493748748963,1.00240085888411
74.27,1,0.997248142923607,1.00248160486493
74.28,1,0.997036177348123,1.00248668072537
74.29,1,0.996766510226621,1.00240209965495
74.3,1,0.996380297222997,1.00226061747442
74.31,1,0.995906519650336,1.00210795961628
74.32,1,0.995420367991545,1.00195918710141
74.33,1,0.994996596076786,1.00181919615711
74.34,1,0.99464497586592,1.0017434398986
74.35,1,0.994276846170762,1.00175359501467
74.36,1,0.99380991140624,1.00177436185313
74.37,1,0.993269204515841,1.00174069198536
74.38,1,0.992759919110144,1.00165902760664
74.39,1,0.992356815907152,1.00163489590559
74.4,1,0.992029057184405,1.00180565028419
74.41,1,0.991696108109722,1.00213896273514
74.42,1,0.991360478697188,1.00244477945307
74.43,1,0.991118284182704,1.00260538159866
74.44,1,0.990982515668989,1.0026879450904
74.45,1,0.990796103416761,1.00285552309978
74.46,1,0.990398169183826,1.00319220673235
74.47,1,0.989819676264665,1.00360114717888
74.48,1,0.989267000503663,1.00389081861966
74.49,1,0.988934552299047,1.00402440609797
74.5,1,0.988804592196858,1.00423517164255
74.51,1,0.988645577478239,1.00475179097679
74.52,1,0.988234111098151,1.005499885888
74.53,1,0.987576560627578,1.00617428040615
74.54,1,0.986946705688934,1.00654142980079
74.55,1,0.986658068104037,1.00666153697033
74.56,1,0.986807660761284,1.00680909187975
74.57,1,0.987242675359842,1.00717098566101
74.58,1,0.987708816818195,1.00766471456374
74.59,1,0.988051760399311,1.00804356231538
74.6,1,0.988317920409233,1.00814690735588
74.61,1,0.988690785716674,1.00803273586733
74.62,1,0.989332679179854,1.00790530981215
74.63,1,0.990235090951141,1.00793115447813
74.64,1,0.991221546828668,1.00810294989739
74.65,1,0.992104031191556,1.00831411253645
74.66,1,0.992804588708664,1.00848251087667
74.67,1,0.993382663478273,1.00855818578347
74.68,1,0.993966443893456,1.0085042698958
74.69,1,0.994635367723129,1.00830220360282
74.7,1,0.995400828247153,1.0080148041914
74.71,1,0.996212072902096,1.00780077251277
74.72,1,0.996957555311032,1.00776439369126
74.73,1,0.997534968781222,1.00786272043779
74.74,1,0.997909424513076,1.00795260791234
74.75,1,0.998165006010214,1.0078864702234
74.76,1,0.998524198928453,1.00766016889089
74.77,1,0.99914886718118,1.00743119028729
74.78,1,0.999951870481136,1.00735987083743
74.79,1,1.00068880453655,1.00743628042379
74.8,1,1.0011688466871,1.00747278022134
74.81,1,1.00139220654914,1.00729595943475
74.82,1,1.00152631585305,1.00692333808755
74.83,1,1.00174537749825,1.00654166293324
74.84,1,1.00205054612251,1.00631446590768
74.85,1,1.00225535430338,1.00623009021294
74.86,1,1.00215683289252,1.00610044963729
74.87,1,1.00176347478971,1.00576283871265
74.88,1,1.0013602011513,1.00526155461447
74.89,1,1.00127072487811,1.00476126873645
74.9,1,1.00152099202088,1.00438066368364
74.91,1,1.00178233112414,1.00415413469086
74.92,1,1.00169550834829,1.00407831500503
74.93,1,1.00122765690456,1.00408404367362
74.94,1,1.00067274527897,1.00404370833158
74.95,1,1.00031706933184,1.0038669980075
74.96,1,1.00017820078713,1.00356901834729
74.97,1,1.00005435418749,1.00328095905469
74.98,1,0.999735390301885,1.00314369405337
74.99,1,0.999215908505659,1.00317097811545
75,1,0.998693016021512,1.00325336693622
75.01,1,0.998298863409845,1.00327226409929
75.02,1,0.998026929915697,1.00315836187466
75.03,1,0.997832238556265,1.00290730310623
75.04,1,0.997654073438169,1.00258255007818
75.05,1,0.997424289683609,1.00229697623063
75.06,1,0.997103383766993,1.00214884359283
75.07,1,0.996775988988576,1.00212706594089
75.08,1,0.996608946967975,1.00214708027228
75.09,1,0.996660302661855,1.00212937859099
75.1,1,0.996844867764341,1.00207646010655
75.11,1,0.997007391118837,1.00211180483599
75.12,1,0.997039913653044,1.00230350852909
75.13,1,0.997045983347927,1.00254819810448
75.14,1,0.99724314024017,1.00271194260276
75.15,1,0.997673445300489,1.00280446828113
75.16,1,0.9981605259516,1.00296414416339
75.17,1,0.998511370928411,1.00328532079199
75.18,1,0.998718609711385,1.00369624407479
75.19,-1,0.998956870010616,1.00402007031232
75.2,-1,0.999368650446387,1.00415136723241
75.21,-1,0.99768794764255,1.00195547436444
75.22,-1,0.987705970869897,0.991581972884259
75.23,-1,0.963996654551572,0.96775774071595
75.24,-1,0.927249008692267,0.930967038126107
75.25,-1,0.88346528288335,0.886901253087044
75.26,-1,0.838301171735377,0.841063584942872
75.27,-1,0.792189043899138,0.794171807071569
75.28,-1,0.740785362048378,0.74228463028054
75.29,-1,0.680069624541733,0.681452885690731
75.3,-1,0.61049170062332,0.611998922792491
75.31,-1,0.536726165171479,0.538215272266989
75.32,-1,0.463559694172669,0.464335842887967
75.33,-1,0.391475380044134,0.390973220357526
75.34,-1,0.317152384196385,0.315634293541525
75.35,-1,0.237309989337568,0.235886169766156
75.36,-1,0.152305946481297,0.151873597307256
75.37,-1,0.0658152178360628,0.0663563062674619
75.38,-1,-0.0186996488298766,-0.0177241733258213
75.39,-1,-0.100452269308083,-0.0997613879160888
75.4,-1,-0.18141862071081,-0.181379402837917
75.41,-1,-0.264021128798296,-0.264374978937395
75.42,-1,-0.348411164999078,-0.348353896092618
75.43,-1,-0.432117213359527,-0.431194991507949
75.44,-1,-0.512239610552059,-0.510852657248645
75.45,-1,-0.587960765717423,-0.587037575548987
75.46,-1,-0.661082119835528,-0.661212677638275
75.47,-1,-0.733914187682929,-0.734638661900842
75.48,-1,-0.806557716883835,-0.806741822755486
75.49,-1,-0.876674673664524,-0.875785205842928
75.5,-1,-0.942117999084933,-0.940596849071959
75.51,-1,-1.00248838803712,-1.00134103838508
75.52,-1,-1.05911543218398,-1.05910376387827
75.53,-1,-1.11356904036105,-1.11463165564792
75.54,-1,-1.16611976234798,-1.16753179704138
75.55,-1,-1.21551151948513,-1.21657113972376
75.56,-1,-1.26028711904868,-1.26092687675754
75.57,-1,-1.30009817569402,-1.30086998513061
75.58,-1,-1.33591561100999,-1.33729328513859
75.59,-1,-1.36900082454259,-1.37083451977701
75.6,-1,-1.39963454586347,-1.40133660433468
75.61,-1,-1.42703322265344,-1.42813919473991
75.62,-1,-1.45022455590973,-1.45067540449638
75.63,-1,-1.46893121529657,-1.4690917973092
75.64,-1,-1.48381350147367,-1.4841573185962
75.65,-1,-1.49582293698575,-1.49659811221583
75.66,-1,-1.50540570681778,-1.50650486159855
75.67,-1,-1.51232048707856,-1.51338563953164
75.68,-1,-1.51608114693533,-1.51681228846348
75.69,-1,-1.51653905287687,-1.51692204110575
75.7,-1,-1.51411482796268,-1.51436906512958
75.71,-1,-1.5094425249094,-1.50983844674922
75.72,-1,-1.50283401146397,-1.50352587316255
75.73,-1,-1.49413038253384,-1.49512620954522
75.74,-1,-1.48308782603533,-1.48432831548337
75.75,-1,-1.46979498669202,-1.4712570782354
75.76,-1,-1.45471151209833,-1.45643797774962
75.77,-1,-1.43834536117587,-1.44032446844741
75.78,-1,-1.42087413400963,-1.42304140035719
75.79,-1,-1.40216575783909,-1.4045192000835
75.8,-1,-1.38218762183707,-1.38473952301045
75.81,-1,-1.36119887103969,-1.363837286366
75.82,-1,-1.33956564042786,-1.34209594267688
75.83,-1,-1.31750137011193,-1.31976532502169
75.84,-1,-1.29499190776392,-1.29705313551712
75.85,-1,-1.27196929391184,-1.27410156136386
75.86,-1,-1.24850241409648,-1.25096793584476
75.87,-1,-1.22486695574474,-1.22771223858531
75.88,-1,-1.2014334175629,-1.20450837564855
75.89,-1,-1.1784184845706,-1.18162851360114
75.9,-1,-1.15582914390889,-1.15917011336632
75.91,-1,-1.1335125607602,-1.136954803612
75.92,-1,-1.11139455352497,-1.11469039300114
75.93,-1,-1.08956308238996,-1.09235158630518
75.94,-1,-1.06828994359445,-1.07042560926027
75.95,-1,-1.04782904364597,-1.04958799194601
75.96,-1,-1.02831888351128,-1.0301811324535
75.97,-1,-1.00975640097795,-1.01199522014857
75.98,-1,-0.992075222994801,-0.994659909817667
75.99,-1,-0.975201786925857,-0.97801197500504
76,-1,-0.959132536346172,-0.962177093020738
76.01,-1,-0.944004746976761,-0.947438320773067
76.02,-1,-0.929967380138284,-0.933994764942621
76.03,-1,-0.91702486968759,-0.921765989387947
76.04,-1,-0.905135465309263,-0.910501221391539
76.05,-1,-0.894311549303061,-0.899967840115592
76.06,-1,-0.884615087127371,-0.890200642464821
76.07,-1,-0.876075228789353,-0.881483843199937
76.08,-1,-0.868665542203368,-0.87404523827656
76.09,-1,-0.862353899555018,-0.867804721202464
76.1,-1,-0.857126206234285,-0.862447625592794
76.11,-1,-0.852913093764654,-0.857729395954735
76.12,-1,-0.849604215814165,-0.853712922298099
76.13,-1,-0.847162934537164,-0.850691894950341
76.14,-1,-0.845589491970011,-0.848885062022629
76.15,-1,-0.844795007148749,-0.848185594969336
76.16,-1,-0.844637564109618,-0.848259663922005
76.17,-1,-0.845054955973423,-0.848884752491067
76.18,-1,-0.846117271186885,-0.850062963150401
76.19,-1,-0.847987507708404,-0.851923170153932
76.2,-1,-0.850772438178629,-0.854554243699058
76.21,-1,-0.854388496509504,-0.8578651340678
76.22,-1,-0.858624452217125,-0.86170970266643
76.23,-1,-0.863339954694731,-0.866014170899615
76.24,-1,-0.868531150681698,-0.870790569607391
76.25,-1,-0.874261258571877,-0.876111140765252
76.26,-1,-0.880484876255898,-0.881932982012945
76.27,-1,-0.886959786959566,-0.88797874706394
76.28,-1,-0.893461579294866,-0.893976125744866
76.29,-1,-0.899995732506687,-0.900019336653874
76.3,-1,-0.906688655823839,-0.906434715937766
76.31,-1,-0.91366133370306,-0.913389042169266
76.32,-1,-0.920953351081226,-0.920763499406651
76.33,-1,-0.928497650675194,-0.928225266447606
76.34,-1,-0.936178264890607,-0.935472301712138
76.35,-1,-0.943878302408547,-0.942504812832577
76.36,-1,-0.951430102759974,-0.949641415501024
76.37,-1,-0.958708231510947,-0.957192451934786
76.38,-1,-0.965781242046155,-0.965144329557793
76.39,-1,-0.972816015233471,-0.973103410981212
76.4,-1,-0.979860575676932,-0.980570785189281
76.41,-1,-0.986804382987538,-0.987297295398742
76.42,-1,-0.993540771146306,-0.993431670873996
76.43,-1,-1.00001583587086,-0.999375105109986
76.44,-1,-1.00616490695412,-1.00539403157068
76.45,-1,-1.01191559335266,-1.0113456471616
76.46,-1,-1.01727595553337,-1.0168659231974
76.47,-1,-1.02237868381135,-1.02175247275957
76.48,-1,-1.02730817736404,-1.02612806378851
76.49,-1,-1.03202204638754,-1.0302382044486
76.5,-1,-1.03645267530128,-1.03422972847333
76.51,-1,-1.04047463177705,-1.03806421187379
76.52,-1,-1.04396967688509,-1.0415787879857
76.53,-1,-1.04700918765596,-1.04463727050424
76.54,-1,-1.04981452247569,-1.04724022832364
76.55,-1,-1.05249976470763,-1.04944054620117
76.56,-1,-1.05496448769077,-1.05129284094442
76.57,-1,-1.05704730898384,-1.05286585577644
76.58,-1,-1.05866685927034,-1.05414068342024
76.59,-1,-1.0598439785427,-1.05502019231481
76.6,-1,-1.06063413395886,-1.05545112277231
76.61,-1,-1.06109374348645,-1.05551059943379
76.62,-1,-1.06131977457024,-1.05536218601444
76.63,-1,-1.06136028003482,-1.05510702395183
76.64,-1,-1.06114909996252,-1.05472875340778
76.65,-1,-1.06063143943244,-1.05410462589546
76.66,-1,-1.05985095440325,-1.05316377379369
76.67,-1,-1.05888973055274,-1.05202501328668
76.68,-1,-1.05783212479861,-1.05087567508021
76.69,-1,-1.0567213383944,-1.04980299697777
76.7,-1,-1.05550878957352,-1.0487510577854
76.71,-1,-1.05406595986538,-1.04755783476623
76.72,-1,-1.05228182480012,-1.04609095456141
76.73,-1,-1.05020682841113,-1.04438077102463
76.74,-1,-1.04802998147708,-1.04256597177991
76.75,-1,-1.04592868598292,-1.04075591118337
76.76,-1,-1.04391016940363,-1.03894965321466
76.77,-1,-1.04176862489598,-1.03705942620724
76.78,-1,-1.03928175333774,-1.03500046747574
76.79,-1,-1.03646168251655,-1.03275429859484
76.8,-1,-1.03358091754071,-1.0304179570762
76.81,-1,-1.03094976684144,-1.02815786944834
76.82,-1,-1.02867305455638,-1.02608630897852
76.83,-1,-1.02661424390574,-1.02416006857008
76.84,-1,-1.02452304038397,-1.02222270694464
76.85,-1,-1.02225431262756,-1.02017714405787
76.86,-1,-1.01988878452494,-1.01805830680949
76.87,-1,-1.01762986186531,-1.0159989003902
76.88,-1,-1.0156276063671,-1.01414354307641
76.89,-1,-1.01385737888243,-1.01254705741626
76.9,-1,-1.0121614262346,-1.01115066310612
76.91,-1,-1.01042694387117,-1.009842944968
76.92,-1,-1.00864341241435,-1.0085491060673
76.93,-1,-1.00689961511689,-1.00724132983619
76.94,-1,-1.00534694946963,-1.005908295408
76.95,-1,-1.00404794287379,-1.0045632328146
76.96,-1,-1.00291279829127,-1.00324320224223
76.97,-1,-1.00182673142708,-1.00200417426678
76.98,-1,-1.00075689386318,-1.00088005809099
76.99,-1,-0.99972585874958,-0.999860215857014
77,-1,-0.998785799804565,-0.998905546577485
77.01,-1,-0.998006899305617,-0.99803009069452
77.02,-1,-0.997388058346463,-0.997300713971676
77.03,-1,-0.996807011165125,-0.996766690105692
77.04,-1,-0.996087842024521,-0.996442276960368
77.05,-1,-0.995213323779335,-0.996273461362983
77.06,-1,-0.99446835696359,-0.996170866996468
77.07,-1,-0.99413884680887,-0.996055719328976
77.08,-1,-0.994159829938212,-0.995860316083759
77.09,-1,-0.994213338771401,-0.995612811665891
77.1,-1,-0.994091133030064,-0.995438838514996
77.11,-1,-0.99389894348392,-0.995432269863118
77.12,-1,-0.993931910986583,-0.995614886000242
77.13,-1,-0.994344133778393,-0.995927606965295
77.14,-1,-0.994936793396568,-0.996270780740997
77.15,-1,-0.995368812618424,-0.996612005138233
77.16,-1,-0.995530043590502,-0.997002323112458
77.17,-1,-0.995635220929217,-0.997468842899198
77.18,-1,-0.996010075298441,-0.997979797852524
77.19,-1,-0.996778956875544,-0.998508865283188
77.2,-1,-0.99779054617142,-0.999065217517639
77.21,-1,-0.998819017966336,-0.999661654827291
77.22,-1,-0.999718136687217,-1.00028123079014
77.23,-1,-1.00049940274236,-1.00087036246918
77.24,-1,-1.00130827485589,-1.00133948621501
77.25,-1,-1.00223951803153,-1.00166431064468
77.26,-1,-1.0032167658965,-1.00197248829114
77.27,-1,-1.00411826811784,-1.00242350400691
77.28,-1,-1.00496680002554,-1.00302589563995
77.29,-1,-1.00587453823771,-1.00360326317036
77.3,-1,-1.00689784748904,-1.00395095899862
77.31,-1,-1.00798928981166,-1.00408616935968
77.32,-1,-1.00902093055204,-1.00429074257252
77.33,-1,-1.00988179818218,-1.00479411342741
77.34,-1,-1.01060527919296,-1.00550311469659
77.35,-1,-1.01134985274636,-1.00615159576818
77.36,-1,-1.01225483255355,-1.00659723918319
77.37,-1,-1.01332119670171,-1.00695603520287
77.38,-1,-1.01435779998286,-1.00751565182113
77.39,-1,-1.01510080388043,-1.00844313759156
77.4,-1,-1.01546688674737,-1.00956240415789
77.41,-1,-1.01566659471487,-1.01054078489062
77.42,-1,-1.0159794161081,-1.01115450661405
77.43,-1,-1.01647321643232,-1.01137438743782
77.44,-1,-1.01700152564919,-1.01138293745235
77.45,-1,-1.01737359645465,-1.01145087922464
77.46,-1,-1.01753734269385,-1.01174066481345
77.47,-1,-1.01761783048785,-1.01218715563251
77.48,-1,-1.01775923743697,-1.01258210598732
77.49,-1,-1.01799641943923,-1.01283007007772
77.5,-1,-1.01828469576449,-1.01302251868215
77.51,-1,-1.01855923825895,-1.01322801478395
77.52,-1,-1.01878754829555,-1.01336298808677
77.53,-1,-1.01899283455892,-1.01330439217872
77.54,-1,-1.01919481355772,-1.01303285760343
77.55,-1,-1.01935741859641,-1.01268490278681
77.56,-1,-1.01943118992112,-1.01243269142048
77.57,-1,-1.01942908454883,-1.01231712806858
77.58,-1,-1.01938818420024,-1.0122282010541
77.59,-1,-1.0192859757439,-1.0120728409873
77.6,-1,-1.01902346302488,-1.01188026318379
77.61,-1,-1.01846399389496,-1.01174737572917
77.62,-1,-1.01766159406356,-1.01173174674828
77.63,-1,-1.0169382904775,-1.01177640404958
77.64,-1,-1.01653072447184,-1.01182674247137
77.65,-1,-1.01634434489051,-1.01193734553598
77.66,-1,-1.01605530212032,-1.01216065603479
77.67,-1,-1.01535605529865,-1.01246318866154
77.68,-1,-1.01428336583481,-1.01274390187301
77.69,-1,-1.01322714204579,-1.0128610390183
77.7,-1,-1.01253272002285,-1.01275345033318
77.71,-1,-1.01221174047203,-1.01255259291568
77.72,-1,-1.01200047853724,-1.0124797925819
77.73,-1,-1.01165168004087,-1.01259288182849
77.74,-1,-1.01111690681235,-1.01273054989552
77.75,-1,-1.01055091610975,-1.01273714539487
77.76,-1,-1.0101607668256,-1.012647159581
77.77,-1,-1.01000011317735,-1.01262339634667
77.78,-1,-1.00994637641121,-1.01274190943768
77.79,-1,-1.00983885139278,-1.01291242684911
77.8,-1,-1.0095897731219,-1.01301035269571
77.81,-1,-1.00922932165146,-1.01299602073323
77.82,-1,-1.00891651586923,-1.01293658825759
77.83,-1,-1.00879445383948,-1.01296322049647
77.84,-1,-1.00889704574437,-1.01312863509259
77.85,-1,-1.00920262899618,-1.01333651404339
77.86,-1,-1.00959924277688,-1.01344411896505
77.87,-1,-1.00993999001688,-1.01336992126947
77.88,-1,-1.01021303238731,-1.01312217014213
77.89,-1,-1.01048685881052,-1.01277321074926
77.9,-1,-1.01074600874849,-1.01242076601817
77.91,-1,-1.01090385810925,-1.01212329115477
77.92,-1,-1.01093367210816,-1.0118770689939
77.93,-1,-1.01091718572022,-1.01163247854596
77.94,-1,-1.01095302458064,-1.01133386388084
77.95,-1,-1.01102610635176,-1.01098108343015
77.96,-1,-1.01102742589069,-1.01060011435097
77.97,-1,-1.0109108101445,-1.01016372717031
77.98,-1,-1.01073675744879,-1.00958438145004
77.99,-1,-1.01058841985535,-1.00880725196175
78,-1,-1.01049950224146,-1.00791475847413
78.01,-1,-1.01038732997603,-1.00712389424714
78.02,-1,-1.01011942568565,-1.00661541164054
78.03,-1,-1.00971148332913,-1.00630985750049
78.04,-1,-1.00937330191205,-1.00596981686425
78.05,-1,-1.00927411700419,-1.00550492213482
78.06,-1,-1.00934188568613,-1.00505605927178
78.07,-1,-1.00936028099062,-1.00481077081626
78.08,-1,-1.00916959721225,-1.00477564880786
78.09,-1,-1.00880024859587,-1.00476914601523
78.1,-1,-1.00845999294743,-1.00462491140855
78.11,-1,-1.00829796161526,-1.00432760492787
78.12,-1,-1.00821906166512,-1.0039851154365
78.13,-1,-1.00805515186726,-1.00373001601292
78.14,-1,-1.00776019334985,-1.0036210710431
78.15,-1,-1.00740182815084,-1.00361429131028
78.16,-1,-1.00707797728856,-1.00359112199115
78.17,-1,-1.00681193577606,-1.00346779159169
78.18,-1,-1.00660786919544,-1.00330887364421
78.19,-1,-1.006502428607,-1.00325297679833
78.2,-1,-1.00649528287114,-1.00338763800475
78.21,-1,-1.00655785866553,-1.00368177571873
78.22,-1,-1.00669967270784,-1.003983136708
78.23,-1,-1.0069575593433,-1.00418522300199
78.24,-1,-1.00729284741707,-1.00435037339337
78.25,-1,-1.00760976426426,-1.00464525392769
78.26,-1,-1.00786892789037,-1.00519348367502
78.27,-1,-1.00812673841085,-1.00593442430607
78.28,-1,-1.00846861031084,-1.00665350304836
78.29,-1,-1.00889167642892,-1.00718298828656
78.3,-1,-1.00930506991224,-1.00755667159039
78.31,-1,-1.00963285474747,-1.00794717950589
78.32,-1,-1.00985205900574,-1.00845746995182
78.33,-1,-1.00998611261432,-1.00903189185249
78.34,-1,-1.01008627048025,-1.00954511911832
78.35,-1,-1.01017689587516,-1.00998656558107
78.36,-1,-1.01025052180789,-1.01044720046056
78.37,-1,-1.01031423738212,-1.01086061665997
78.38,-1,-1.01042552699603,-1.01106509093568
78.39,-1,-1.0106767017973,-1.01112960306078
78.4,-1,-1.01108849428874,-1.01132769851799
78.41,-1,-1.01158034837605,-1.01185727929897
78.42,-1,-1.01201007119268,-1.01265473935947
78.43,-1,-1.01223539291676,-1.0134283409749
78.44,-1,-1.01220560416804,-1.01391526592145
78.45,-1,-1.01205338540458,-1.01413507236258
78.46,-1,-1.01204263632995,-1.01439777403308
78.47,-1,-1.01225874359328,-1.01502217527013
78.48,-1,-1.01248274123993,-1.0160329130193
78.49,-1,-1.01246174045838,-1.01715261705006
78.5,-1,-1.0121566350282,-1.01808739415232
78.51,-1,-1.01173677112029,-1.01880027591451
78.52,-1,-1.01140724680188,-1.01944113619443
78.53,-1,-1.01124886213685,-1.02012556356506
78.54,-1,-1.01117867108757,-1.02084010894376
78.55,-1,-1.01101750101346,-1.02144467602605
78.56,-1,-1.0106340525298,-1.02183324818802
78.57,-1,-1.0100468829813,-1.02208340979645
78.58,-1,-1.00936310423852,-1.02231547528617
78.59,-1,-1.00875889835359,-1.0225861312206
78.6,-1,-1.00842933912684,-1.02289382949419
78.61,-1,-1.00834983743021,-1.02308348522156
78.62,-1,-1.0082542596613,-1.02293385799787
78.63,-1,-1.0079244299702,-1.02243445316258
78.64,-1,-1.00737795854705,-1.02183138940474
78.65,-1,-1.00683686828581,-1.0213995588535
78.66,-1,-1.00651508675729,-1.02120867131205
78.67,-1,-1.00636849548376,-1.02106803582561
78.68,-1,-1.00618803182229,-1.02075618134425
78.69,-1,-1.00587174449196,-1.02024374841411
78.7,-1,-1.0054852509351,-1.01961684062803
78.71,-1,-1.00519226184039,-1.01893219677756
78.72,-1,-1.00509588363451,-1.01824858235772
78.73,-1,-1.00507283278069,-1.01764693587721
78.74,-1,-1.00489269397404,-1.0171336590369
78.75,-1,-1.00447740237897,-1.01664160753213
78.76,-1,-1.00399707964152,-1.01612224481712
78.77,-1,-1.00371846187344,-1.01558625058737
78.78,-1,-1.00369152263452,-1.01508578539621
78.79,-1,-1.00366899103622,-1.01462772613644
78.8,-1,-1.00337813040967,-1.01404979278122
78.81,-1,-1.00281410632811,-1.01316576783912
78.82,-1,-1.00226250166638,-1.01205148527428
78.83,-1,-1.00201199710587,-1.01099586536942
78.84,-1,-1.00204453373034,-1.01019210307603
78.85,-1,-1.00203459529623,-1.0095784778654
78.86,-1,-1.00171405946175,-1.00893133688786
78.87,-1,-1.00119433625862,-1.00808169925984
78.88,-1,-1.00084705350907,-1.00707590345097
78.89,-1,-1.00091502629205,-1.0061683166278
78.9,-1,-1.00125753859078,-1.00561230639235
78.91,-1,-1.00152273141579,-1.0054658247476
78.92,-1,-1.00154486728827,-1.00556789740684
78.93,-1,-1.00146450225785,-1.00565274100787
78.94,-1,-1.00154180522157,-1.00557908763996
78.95,-1,-1.00192128183792,-1.00539440772294
78.96,-1,-1.00251015248435,-1.00520762867202
78.97,-1,-1.00309981088597,-1.00510901524769
78.98,-1,-1.00356430847575,-1.00513988537982
78.99,-1,-1.00392134859376,-1.00529878239789
79,-1,-1.00427662750867,-1.00554325927245
79.01,-1,-1.00475967987378,-1.00580375501367
79.02,-1,-1.00541926035581,-1.00601025466873
79.03,-1,-1.00609945806421,-1.00615420520949
79.04,-1,-1.00656963937306,-1.00630280620001
79.05,-1,-1.00674809149596,-1.00650206823299
79.06,-1,-1.00671643731595,-1.00673709199037
79.07,-1,-1.00667652646625,-1.00695394009917
79.08,-1,-1.00685677321233,-1.00712304316153
79.09,-1,-1.00733105651773,-1.007283850266
79.1,-1,-1.00796676239042,-1.00749462954434
79.11,-1,-1.00861235597812,-1.00780581683354
79.12,-1,-1.00922819611712,-1.0082206349516
79.13,-1,-1.00981324319357,-1.00866788153165
79.14,-1,-1.01037741679718,-1.00906971214499
79.15,-1,-1.01090161190445,-1.00942131319856
79.16,-1,-1.01129811654328,-1.00977936313592
79.17,-1,-1.01149668721319,-1.01016381349124
79.18,-1,-1.01153816923616,-1.01055473604608
79.19,-1,-1.01158513137253,-1.01095013086834
79.2,-1,-1.01181619876007,-1.01135006468171
79.21,-1,-1.01223180754405,-1.01173693466922
79.22,-1,-1.0126552919814,-1.01206425500992
79.23,-1,-1.01290427812337,-1.01229252449418
79.24,-1,-1.01293281865752,-1.01243213540959
79.25,-1,-1.01290312753158,-1.01255690328705
79.26,-1,-1.01305128904552,-1.01280095952875
79.27,-1,-1.01338209918884,-1.01321766383358
79.28,-1,-1.01362540656537,-1.01366291398832
79.29,-1,-1.01354667796783,-1.01394798246459
79.3,-1,-1.01318073692163,-1.01403900412138
79.31,-1,-1.0128065872104,-1.0140155848082
79.32,-1,-1.0126900380601,-1.01395750362333
79.33,-1,-1.01281872617378,-1.01389487451029
79.34,-1,-1.01292127005885,-1.0138186298597
79.35,-1,-1.01274174884863,-1.01373343094539
79.36,-1,-1.0122342111549,-1.01364262759987
79.37,-1,-1.01157821155736,-1.01351633749218
79.38,-1,-1.01103731541372,-1.01334835610042
79.39,-1,-1.01069139678358,-1.01314783152425
79.4,-1,-1.01039871647426,-1.01287013688193
79.41,-1,-1.01000967215136,-1.01250315881481
79.42,-1,-1.00955211774161,-1.01208772334786
79.43,-1,-1.00922804058994,-1.01168769823044
79.44,-1,-1.00919635855635,-1.01143199931901
79.45,-1,-1.00937784485178,-1.01139745650247
79.46,-1,-1.00945502517949,-1.01149441362733
79.47,-1,-1.00911223085194,-1.01155727046625
79.48,-1,-1.008342746933,-1.01149142550415
79.49,-1,-1.00747937977693,-1.01130455336527
79.5,-1,-1.00692268905284,-1.01105238593423
79.51,-1,-1.00682305529585,-1.01082897063967
79.52,-1,-1.00698805530835,-1.01070991273791
79.53,-1,-1.00707280544148,-1.01066915368277
79.54,-1,-1.00687011336037,-1.01064006057672
79.55,-1,-1.00648305835007,-1.0106082566078
79.56,-1,-1.00619476629148,-1.01061647281492
79.57,-1,-1.00617471410214,-1.01071827005222
79.58,-1,-1.00633249873978,-1.01088326547121
79.59,-1,-1.00645872337457,-1.01097894165429
79.6,-1,-1.00651821357109,-1.01090575432671
79.61,-1,-1.00669734600309,-1.01069393953485
79.62,-1,-1.0071621915429,-1.01045574538728
79.63,-1,-1.00783382137017,-1.01026889507015
79.64,-1,-1.00846538960127,-1.01013019171025
79.65,-1,-1.00892121538187,-1.01002259807234
79.66,-1,-1.00932153733295,-1.00993199156608
79.67,-1,-1.00986964653461,-1.00980342328332
79.68,-1,-1.01057404191945,-1.00958581567937
79.69,-1,-1.0112686705787,-1.00928567952315
79.7,-1,-1.01183198729725,-1.00895680358395
79.71,-1,-1.01230858221,-1.00867030931712
79.72,-1,-1.01281556007517,-1.00842486295408
79.73,-1,-1.01337891590223,-1.00811006951727
79.74,-1,-1.01393347669298,-1.00764378914149
79.75,-1,-1.01440153234163,-1.00707741742521
79.76,-1,-1.01472830236746,-1.00656871400855
79.77,-1,-1.01490318108399,-1.00628704799973
79.78,-1,-1.01496660084504,-1.00626885784888
79.79,-1,-1.01500033517366,-1.00635491679633
79.8,-1,-1.01508786770486,-1.0063141545778
79.81,-1,-1.01526214618669,-1.00603204749555
79.82,-1,-1.01544887858074,-1.00563857276419
79.83,-1,-1.01549721229995,-1.00542986148228
79.84,-1,-1.01534885069252,-1.00560632179176
79.85,-1,-1.01508821330657,-1.00607677474906
79.86,-1,-1.01482513980127,-1.00651560927989
79.87,-1,-1.01462050655808,-1.00667304416931
79.88,-1,-1.01449260272279,-1.00662591626772
79.89,-1,-1.01441693373289,-1.00665397496238
79.9,-1,-1.01432978379752,-1.00691439562898
79.91,-1,-1.0141316354713,-1.00732268228443
79.92,-1,-1.01372246307314,-1.00768378555403
79.93,-1,-1.01309826667977,-1.00792417716331
79.94,-1,-1.01238961460711,-1.00817378874877
79.95,-1,-1.01174060635369,-1.00862456317496
79.96,-1,-1.01114785391991,-1.00931296231523
79.97,-1,-1.01052062494174,-1.01005246434053
79.98,-1,-1.00982585946435,-1.01062782708777
79.99,-1,-1.00907977566739,-1.01095357709234
80,-1,-1.00826357727615,-1.01110333987106
80.01,-1,-1.00736165517943,-1.01129556191915
80.02,-1,-1.00646196633132,-1.01171978959669
80.03,-1,-1.00568244695036,-1.01232082217578
80.04,-1,-1.00501681236655,-1.01284833695857
80.05,-1,-1.00434768904674,-1.01316959605659
80.06,-1,-1.00360863384868,-1.01345031684017
80.07,-1,-1.00288149004891,-1.01390848658756
80.08,-1,-1.0023130528506,-1.01449679789017
80.09,-1,-1.00192101486199,-1.01498146766146
80.1,-1,-1.0015651561077,-1.01524789552008
80.11,-1,-1.00112474011733,-1.01540497206771
80.12,-1,-1.00060170364922,-1.01557581626547
80.13,-1,-1.00008881073915,-1.01575626785044
80.14,-1,-0.999744068548911,-1.01590913598491
80.15,-1,-0.999712397633672,-1.01602480724761
80.16,-1,-0.999961844420778,-1.01611099680678
80.17,-1,-1.00031969686956,-1.01619309912323
80.18,-1,-1.0006431083892,-1.01628980023556
80.19,-1,-1.00092564219543,-1.0163430218769
80.2,-1,-1.00127722611484,-1.01627961552722
80.21,-1,-1.00177246133283,-1.0161300196099
80.22,-1,-1.00235089144337,-1.01595462939458
80.23,-1,-1.0028919999865,-1.01574669634269
80.24,-1,-1.00332230490493,-1.01545993218027
80.25,-1,-1.00364897131418,-1.01507583585326
80.26,-1,-1.00397686531163,-1.01462577091639
80.27,-1,-1.00443601593944,-1.01415758116935
80.28,-1,-1.00501599625167,-1.01372536079729
80.29,-1,-1.00557599200436,-1.01336954803849
80.3,-1,-1.0060247168093,-1.0130665045565
80.31,-1,-1.00636949013659,-1.01274213942182
80.32,-1,-1.00660149883147,-1.01232093629685
80.33,-1,-1.00667811388731,-1.01176044747941
80.34,-1,-1.00666134845909,-1.01107043333204
80.35,-1,-1.00676410301684,-1.01036778647014
80.36,-1,-1.00712074450425,-1.00981263908442
80.37,-1,-1.0075828228197,-1.00940206798155
80.38,-1,-1.00785121208218,-1.00901549874248
80.39,-1,-1.00780687129922,-1.00857180147327
80.4,-1,-1.0076626540587,-1.00803069733828
80.41,-1,-1.00768892606318,-1.00744533167663
80.42,-1,-1.00790286448223,-1.00697612377495
80.43,-1,-1.00812769411964,-1.00672406383596
80.44,-1,-1.00819961738506,-1.00661037589376
80.45,-1,-1.00809937141513,-1.00643526130728
80.46,-1,-1.00798802281049,-1.00607257134052
80.47,-1,-1.00807097446335,-1.00555596663798
80.48,-1,-1.00837273361717,-1.00501537218638
80.49,-1,-1.0086529722468,-1.00462345540124
80.5,-1,-1.0086070803506,-1.00447140784631
80.51,-1,-1.00817165004989,-1.00450452980694
80.52,-1,-1.00760764531191,-1.00462352051442
80.53,-1,-1.00723823146357,-1.00472975575652
80.54,-1,-1.0071677343912,-1.00470742365635
80.55,-1,-1.00722753045137,-1.00455255929923
80.56,-1,-1.0071649409886,-1.00445187227507
80.57,-1,-1.00691582559617,-1.00457980282173
80.58,-1,-1.00659067037237,-1.00488388764257
80.59,-1,-1.00629204626057,-1.00519856395317
80.6,-1,-1.00605206602768,-1.00549232940439
80.61,-1,-1.00584688925108,-1.00585192614547
80.62,-1,-1.00565715720866,-1.00633354127243
80.63,-1,-1.00550513876943,-1.00688022942046
80.64,-1,-1.00543703395983,-1.00732735110498
80.65,-1,-1.00548040338219,-1.00753146482989
80.66,-1,-1.00559446781094,-1.0075245553574
80.67,-1,-1.00569283979404,-1.00752807630777
80.68,-1,-1.00571702529998,-1.00774144328992
80.69,-1,-1.0056568721669,-1.00813278730377
80.7,-1,-1.00560309527823,-1.00849513540301
80.71,-1,-1.0057223251603,-1.00869593960672
80.72,-1,-1.00605430928779,-1.00882298176993
80.73,-1,-1.00644276137637,-1.00901368043069
80.74,-1,-1.00668720730022,-1.0092383363432
80.75,-1,-1.00668063423367,-1.00936386478152
80.76,-1,-1.00647758893132,-1.00929975956871
80.77,-1,-1.00625530530342,-1.00901975474818
80.78,-1,-1.00617667970952,-1.00854340520533
80.79,-1,-1.00623790777535,-1.00794418898931
80.8,-1,-1.00627959783386,-1.00737050156203
80.81,-1,-1.00618575088089,-1.00694302070152
80.82,-1,-1.00598511907166,-1.00660563934465
80.83,-1,-1.00584578107899,-1.00620066650464
80.84,-1,-1.00594700978298,-1.00567622221068
80.85,-1,-1.00624564663708,-1.00513385248369
80.86,-1,-1.00647220240994,-1.00470148041008
80.87,-1,-1.00645022870835,-1.00441971079028
80.88,-1,-1.00629027086729,-1.00421633671266
80.89,-1,-1.00624421999635,-1.0040133247494
80.9,-1,-1.00644054276568,-1.00381883973898
80.91,-1,-1.00674292407486,-1.00366578400121
80.92,-1,-1.00688384323612,-1.00357382223903
80.93,-1,-1.00672520295502,-1.00354675078626
80.94,-1,-1.00640728345607,-1.00354288396499
80.95,-1,-1.00620045726329,-1.00347585249352
80.96,-1,-1.00621233288951,-1.00331501209435
80.97,-1,-1.00634184828403,-1.0031807218719
80.98,-1,-1.00646570598359,-1.00326795776613
80.99,-1,-1.00654853175652,-1.00364152915894
81,-1,-1.00658198012618,-1.00420356687215
81.01,-1,-1.00656883900452,-1.00481619479601
81.02,-1,-1.00650098393527,-1.00537731797979
81.03,-1,-1.00632967794041,-1.00587485332592
81.04,-1,-1.00607889019395,-1.00636472613581
81.05,-1,-1.0058958274838,-1.00685159212522
81.06,-1,-1.00589777051437,-1.00722304333926
81.07,-1,-1.00606210793716,-1.00740420017802
81.08,-1,-1.00624251115016,-1.00750954213879
81.09,-1,-1.00625749280185,-1.00772675576825
81.1,-1,-1.00608372648635,-1.00808242668633
81.11,-1,-1.00592284958147,-1.00837820024925
81.12,-1,-1.00601432513059,-1.00840653191463
81.13,-1,-1.0064040884459,-1.00817031036848
81.14,-1,-1.00689985026293,-1.00788455524547
81.15,-1,-1.0072327939813,-1.00780872304647
81.16,-1,-1.00733057427917,-1.0080066638164
81.17,-1,-1.0074092843549,-1.00831070754796
81.18,-1,-1.00767141858984,-1.00856958515492
81.19,-1,-1.00811897132531,-1.00874646242642
81.2,-1,-1.00868641355507,-1.00880985677081
81.21,-1,-1.0092887640337,-1.00872838996561
81.22,-1,-1.00983449832463,-1.00857503621637
81.23,-1,-1.01027420908514,-1.00852057316715
81.24,-1,-1.0106582938601,-1.00865229725679
81.25,-1,-1.01114317101569,-1.00885476259169
81.26,-1,-1.01183950397463,-1.00894882621826
81.27,-1,-1.01270235634804,-1.0088593812913
81.28,-1,-1.01356512239049,-1.00863570110962
81.29,-1,-1.01428739113474,-1.00846932843565
81.3,-1,-1.01485381908832,-1.00852696731697
81.31,-1,-1.01533152854581,-1.00874659437048
81.32,-1,-1.0158057571786,-1.00899326466771
81.33,-1,-1.0163377172701,-1.00921009712156
81.34,-1,-1.01694242176153,-1.00935506494148
81.35,-1,-1.01759729129341,-1.00942500703549
81.36,-1,-1.01825812646451,-1.0095542693309
81.37,-1,-1.01885151083222,-1.00985523304429
81.38,-1,-1.01930220770675,-1.01015892760884
81.39,-1,-1.01961104090741,-1.01011993492243
81.4,-1,-1.01984466849529,-1.0096359830918
81.41,-1,-1.02004696665489,-1.00905179430662
81.42,-1,-1.02020139556015,-1.00877238951169
81.43,-1,-1.02027059832124,-1.00883765287369
81.44,-1,-1.02026636370825,-1.00899781711232
81.45,-1,-1.02027708095571,-1.00899783020333
81.46,-1,-1.02036379393693,-1.00877990394756
81.47,-1,-1.02046317576496,-1.00851100829939
81.48,-1,-1.02050070144597,-1.00837143455738
81.49,-1,-1.02051499671198,-1.00837102156796
81.5,-1,-1.02060922445034,-1.00836168781707
81.51,-1,-1.02079582105111,-1.00823460620774
81.52,-1,-1.02092739415611,-1.00807137088067
81.53,-1,-1.02081266469965,-1.00809434415396
81.54,-1,-1.02040871994892,-1.00844228912058
81.55,-1,-1.0198967225479,-1.00890899505106
81.56,-1,-1.01948513654474,-1.00913043545398
81.57,-1,-1.01922164146896,-1.00899375464579
81.58,-1,-1.01900159132744,-1.00871709535326
81.59,-1,-1.01866574716407,-1.00861946419537
81.6,-1,-1.01810491350891,-1.00885366196451
81.61,-1,-1.01731565616292,-1.00932849444339
81.62,-1,-1.0164289039717,-1.00976991181048
81.63,-1,-1.01562281284084,-1.00988857191751
81.64,-1,-1.01492551607482,-1.00966938949757
81.65,-1,-1.01420988088603,-1.00941738240594
81.66,-1,-1.01338476021898,-1.00945389229665
81.67,-1,-1.01253064290148,-1.00974562435945
81.68,-1,-1.01179640926692,-1.00991741626205
81.69,-1,-1.01117185281969,-1.0097275742955
81.7,-1,-1.01049782397347,-1.00933697579797
81.71,-1,-1.00971867429445,-1.00907318265604
81.72,-1,-1.00897758403924,-1.00915557208843
81.73,-1,-1.00845159890653,-1.00956104665506
81.74,-1,-1.00822654985498,-1.01000423045802
81.75,-1,-1.0083034664459,-1.01017452785311
81.76,-1,-1.00859301977124,-1.01000952238668
81.77,-1,-1.00891737701839,-1.00973179653166
81.78,-1,-1.00912885587948,-1.00957592869879
81.79,-1,-1.00920594253267,-1.00960535272795
81.8,-1,-1.00920094139928,-1.00976378125164
81.81,-1,-1.00918450559792,-1.0098936339511
81.82,-1,-1.00917875587269,-1.00986507960179
81.83,-1,-1.00912181329391,-1.00973815394293
81.84,-1,-1.00895568185996,-1.00971757484834
81.85,-1,-1.00869172682798,-1.00993323137596
81.86,-1,-1.00844575368316,-1.0102757473438
81.87,-1,-1.00833705726399,-1.01056449465056
81.88,-1,-1.00829118217839,-1.01071050897181
81.89,-1,-1.00814870101048,-1.01066780117223
81.9,-1,-1.0079555367506,-1.0104704854087
81.91,-1,-1.00791873073355,-1.0102662164243
81.92,-1,-1.0081186071935,-1.01016872575019
81.93,-1,-1.00838740261085,-1.01014834422189
81.94,-1,-1.00845965083767,-1.0101091438213
81.95,-1,-1.00826325515295,-1.00995317370343
81.96,-1,-1.00796839020052,-1.00965112052223
81.97,-1,-1.00777324370063,-1.00931599486734
81.98,-1,-1.00775374539901,-1.00908427274386
81.99,-1,-1.00783505180444,-1.00894744653219
82,-1,-1.00786784223228,-1.00878425683236
82.01,-1,-1.00775100145896,-1.00851383839714
82.02,-1,-1.00751577034284,-1.00815879851897
82.03,-1,-1.00726313357038,-1.00781393341017
82.04,-1,-1.00701323295216,-1.00756883606337
82.05,-1,-1.00673735655098,-1.00741714389692
82.06,-1,-1.00643012465963,-1.00721869302341
82.07,-1,-1.00616449855525,-1.00680465235278
82.08,-1,-1.0061099632396,-1.00619958989277
82.09,-1,-1.00636845990669,-1.00564042827257
82.1,-1,-1.0068340830642,-1.0053124260194
82.11,-1,-1.00729739808916,-1.00516444194655
82.12,-1,-1.00761570583231,-1.00497910274463
82.13,-1,-1.00778600572412,-1.00458770106505
82.14,-1,-1.00790547468291,-1.00401567608471
82.15,-1,-1.00805812733996,-1.00350704156509
82.16,-1,-1.00829531437285,-1.00332844230383
82.17,-1,-1.00863061394768,-1.0034879805512
82.18,-1,-1.00897498578431,-1.00372673678454
82.19,-1,-1.00919863829411,-1.00376363744286
82.2,-1,-1.00926889722037,-1.00358031438202
82.21,-1,-1.0092839150979,-1.00344497403003
82.22,-1,-1.00941031195646,-1.00365265469414
82.23,-1,-1.0097582486162,-1.0042334587214
82.24,-1,-1.01018958268471,-1.00492858948659
82.25,-1,-1.0103535454706,-1.00549123125194
82.26,-1,-1.01006708442438,-1.00596547687577
82.27,-1,-1.00954784826006,-1.00655864456275
82.28,-1,-1.00920555975781,-1.00730255115151
82.29,-1,-1.00927713690944,-1.00797464336834
82.3,-1,-1.00963139291483,-1.0083685521606
82.31,-1,-1.00986327609539,-1.00856968950174
82.32,-1,-1.00969411958711,-1.00886607713633
82.33,-1,-1.00925714952247,-1.00947885894164
82.34,-1,-1.00894603913751,-1.01041249165096
82.35,-1,-1.00905511078035,-1.01145555259382
82.36,-1,-1.00952509978947,-1.01233037193977
82.37,-1,-1.00994743411492,-1.01292542290498
82.38,-1,-1.0098772636451,-1.01336674880546
82.39,-1,-1.00929023613891,-1.0138792184283
82.4,-1,-1.00862627483787,-1.01459357117972
82.41,-1,-1.00834963472865,-1.01541836058821
82.42,-1,-1.00855590074908,-1.01610654287814
82.43,-1,-1.00894874921536,-1.01644197597538
82.44,-1,-1.00912537062612,-1.01639279998026
82.45,-1,-1.0089179505457,-1.01614994517156
82.46,-1,-1.00850570988503,-1.01600963414083
82.47,-1,-1.008192423128,-1.01613499122306
82.48,-1,-1.00815130138669,-1.01634819912536
82.49,-1,-1.0083317023905,-1.01626068745206
82.5,-1,-1.00852611314092,-1.01569600369139
82.51,-1,-1.00855195872382,-1.01489252126299
82.52,-1,-1.00839334222478,-1.01424629443551
82.53,-1,-1.0081902383717,-1.01396024574303
82.54,-1,-1.00804237970379,-1.01391045272607
82.55,-1,-1.0078976649497,-1.01373937250189
82.56,-1,-1.00767346157312,-1.01321440248147
82.57,-1,-1.00738871493238,-1.01251290892973
82.58,-1,-1.00713025056508,-1.01203475992152
82.59,-1,-1.00695698202707,-1.01193004729179
82.6,-1,-1.00687809461984,-1.0119139732322
82.61,-1,-1.00678937851872,-1.01164834362286
82.62,-1,-1.00649267738454,-1.01108870353257
82.63,-1,-1.00592310899395,-1.01043782940962
82.64,-1,-1.00524121637076,-1.00996588399461
82.65,-1,-1.00470287194122,-1.00980013593617
82.66,-1,-1.0044857079764,-1.00979094256402
82.67,-1,-1.00456508818808,-1.00960121177174
82.68,-1,-1.00475810064675,-1.00904474217559
82.69,-1,-1.00489794792956,-1.00830335905264
82.7,-1,-1.00499077372196,-1.00776555900457
82.71,-1,-1.00516444399366,-1.00764642605933
82.72,-1,-1.00547659841558,-1.00778038730904
82.73,-1,-1.00581919848229,-1.00784818694973
82.74,-1,-1.00599288747091,-1.00770868549634
82.75,-1,-1.00596173576648,-1.0075001712426
82.76,-1,-1.00592606894557,-1.007466929105
82.77,-1,-1.00608493105027,-1.00766515732369
82.78,-1,-1.00645353386549,-1.00794141916134
82.79,-1,-1.00691458819898,-1.00812736105176
82.8,-1,-1.00733552375916,-1.00817339443077
82.81,-1,-1.00762256965702,-1.00817444295411
82.82,-1,-1.00775160310075,-1.00829643041223
82.83,-1,-1.00777924435034,-1.00866492619268
82.84,-1,-1.00781795577687,-1.00922237708032
82.85,-1,-1.00796829691332,-1.00975894912124
82.86,-1,-1.00824280042958,-1.01014784034728
82.87,-1,-1.00857070801863,-1.01042783988472
82.88,-1,-1.00881194584982,-1.01070785071167
82.89,-1,-1.00884622192843,-1.01105278950216
82.9,-1,-1.00870687589501,-1.0114416624286
82.91,-1,-1.0085378897797,-1.01172450520432
82.92,-1,-1.00846881675465,-1.0117210088799
82.93,-1,-1.00848651781109,-1.011468470703
82.94,-1,-1.00843954912278,-1.01119591483933
82.95,-1,-1.00825216626287,-1.01110585634112
82.96,-1,-1.00801405557715,-1.01123771092744
82.97,-1,-1.00784961650302,-1.01143885103027
82.98,-1,-1.00777074657565,-1.01147037504813
82.99,-1,-1.00772491282463,-1.01121614945578
83,-1,-1.00776139177857,-1.01085765215982
83.01,-1,-1.00798770616945,-1.01067392594756
83.02,-1,-1.00837631009967,-1.0107114685979
83.03,-1,-1.00876790536858,-1.01076516865304
83.04,-1,-1.00902637849038,-1.01058805326542
83.05,-1,-1.00911012431408,-1.01016014382613
83.06,-1,-1.00909995925446,-1.0097267514051
83.07,-1,-1.00920633801194,-1.00955239857103
83.08,-1,-1.00962575550134,-1.00965382912642
83.09,-1,-1.01027270663474,-1.00976839177593
83.1,-1,-1.0108090377285,-1.00961864008419
83.11,-1,-1.01097942860115,-1.00919600913737
83.12,-1,-1.01082014611353,-1.00871300354649
83.13,-1,-1.01058970321086,-1.00834171477302
83.14,-1,-1.01050107544995,-1.008059615164
83.15,-1,-1.01048805143945,-1.00769852025996
83.16,-1,-1.01031371257124,-1.00713768566085
83.17,-1,-1.00991660737189,-1.00644478178428
83.18,-1,-1.0094469853342,-1.00582564777131
83.19,-1,-1.00905594775355,-1.00542286092791
83.2,-1,-1.00877596964665,-1.00520302009246
83.21,-1,-1.00846752149303,-1.005010111115
83.22,-1,-1.00794896545477,-1.00473022563702
83.23,-1,-1.00717154844234,-1.00441568685033
83.24,-1,-1.00624612247652,-1.00421343997621
83.25,-1,-1.00541077240614,-1.00420015939147
83.26,-1,-1.00488936745335,-1.00426924118131
83.27,-1,-1.0046771301312,-1.00422764503741
83.28,-1,-1.00450082013202,-1.00402163358875
83.29,-1,-1.00405066219791,-1.00379665478201
83.3,-1,-1.00322763571609,-1.00374347239793
83.31,-1,-1.00222922339733,-1.0038911380871
83.32,-1,-1.00144230411644,-1.00405608007202
83.33,-1,-1.00115637094505,-1.00406653418117
83.34,-1,-1.00122447073794,-1.00399720719028
83.35,-1,-1.0011148053941,-1.00407039622976
83.36,-1,-1.00050412363702,-1.00439773445702
83.37,-1,-0.999642411543896,-1.004911099378
83.38,-1,-0.999037696628098,-1.00547948921394
83.39,-1,-0.998963546421972,-1.00600309812325
83.4,-1,-0.999307856787048,-1.00644851182715
83.41,-1,-0.999698525065334,-1.00684516932251
83.42,-1,-0.999776001858981,-1.0072411807602
83.43,-1,-0.999497011783716,-1.00769509495033
83.44,-1,-0.999181960327234,-1.00824555503706
83.45,-1,-0.999224753118011,-1.00885853977391
83.46,-1,-0.999719816857932,-1.00940836957654
83.47,-1,-1.00040972423953,-1.00976471015388
83.48,-1,-1.00094521288601,-1.00994909460847
83.49,-1,-1.00117523548476,-1.01013630200243
83.5,-1,-1.00128965514703,-1.01047925057168
83.51,-1,-1.00161891179448,-1.01092406928146
83.52,-1,-1.00230412068046,-1.01124024533683
83.53,-1,-1.00319114340623,-1.0112704383734
83.54,-1,-1.00396881136669,-1.0111135619656
83.55,-1,-1.00440289253168,-1.0110490345676
83.56,-1,-1.00452088671317,-1.01123091118696
83.57,-1,-1.00458985769714,-1.01149985912713
83.58,-1,-1.00485851293571,-1.01154471110721
83.59,-1,-1.00536324928542,-1.01123979437823
83.6,-1,-1.0059287824025,-1.01073838741508
83.61,-1,-1.00629180923927,-1.01027562877116
83.62,-1,-1.00631480595808,-1.00997264355312
83.63,-1,-1.00610728861526,-1.00981074882816
83.64,-1,-1.00592279781617,-1.00971289106435
83.65,-1,-1.00591941984146,-1.0096074320125
83.66,-1,-1.00600999488641,-1.00947601641969
83.67,-1,-1.005972673461,-1.0093180098119
83.68,-1,-1.00568786049597,-1.00911288168005
83.69,-1,-1.00523755375081,-1.00884248856318
83.7,-1,-1.00482175304531,-1.00855921406746
83.71,-1,-1.00458779361237,-1.0083549459183
83.72,-1,-1.00451330318173,-1.00823848219775
83.73,-1,-1.00448985959213,-1.00812285765253
83.74,-1,-1.00446550281686,-1.00795074502096
83.75,-1,-1.0044701060831,-1.00778957994817
83.76,-1,-1.00456281937591,-1.00773290789953
83.77,-1,-1.00476811182051,-1.00778345578626
83.78,-1,-1.00503508486834,-1.00785628257014
83.79,-1,-1.00528620815912,-1.00784649481717
83.8,-1,-1.00551238074239,-1.0077158234353
83.81,-1,-1.00579745305276,-1.00754331848618
83.82,-1,-1.00617268638701,-1.00746505822546
83.83,-1,-1.00653664038363,-1.00755751240442
83.84,-1,-1.00686863334669,-1.00774699149936
83.85,-1,-1.00727246573332,-1.00785734361692
83.86,-1,-1.0078084597738,-1.00776453861454
83.87,-1,-1.00847590382893,-1.00753980971151
83.88,-1,-1.00923813157514,-1.00739692673327
83.89,-1,-1.00998779512192,-1.00748980069338
83.9,-1,-1.01061362222903,-1.0077638399958
83.91,-1,-1.01108072993094,-1.00797165733021
83.92,-1,-1.01140908142332,-1.00782534261306
83.93,-1,-1.01165459258489,-1.00719920309643
83.94,-1,-1.01189292020036,-1.00627458287854
83.95,-1,-1.01217069138839,-1.00541865554248
83.96,-1,-1.01246558118786,-1.00488903539068
83.97,-1,-1.01271136496241,-1.00462269601539
83.98,-1,-1.01291101415509,-1.0043407110704
83.99,-1,-1.01314693442174,-1.00386569235027
84,-1,-1.01347488677703,-1.00328980910998
84.01,-1,-1.01387166746999,-1.00278858647303
84.02,-1,-1.01419302248454,-1.00240040000179
84.03,-1,-1.01422935532936,-1.00207529276353
84.04,-1,-1.01396242811688,-1.00178950103395
84.05,-1,-1.01367984119977,-1.00152840681002
84.06,-1,-1.0137055175862,-1.00125419474122
84.07,-1,-1.01400181568153,-1.00092749545535
84.08,-1,-1.01419198839626,-1.00053584420373
84.09,-1,-1.01402539374684,-1.00015167669993
84.1,-1,-1.0136011670873,-0.999901355656007
84.11,-1,-1.01320400833799,-0.999788612485891
84.12,-1,-1.01302618290955,-0.999648718306518
84.13,-1,-1.01298867337393,-0.999340656037014
84.14,-1,-1.01282394278214,-0.998912481545248
84.15,-1,-1.01236774008264,-0.998577111525456
84.16,-1,-1.01170759829816,-0.998485832707714
84.17,-1,-1.01109402259323,-0.99854627296791
84.18,-1,-1.01072556888963,-0.998574765712834
84.19,-1,-1.01054687221597,-0.998504248362529
84.2,-1,-1.01034079670032,-0.99840741398197
84.21,-1,-1.01000713256286,-0.998376984452464
84.22,-1,-1.00968870257787,-0.99840139188823
84.23,-1,-1.00954450021421,-0.998375496011563
84.24,-1,-1.00953168970347,-0.998245037964057
84.25,-1,-1.00953860761273,-0.998107759054899
84.26,-1,-1.00954640827651,-0.998108140153584
84.27,-1,-1.00958753018129,-0.998294488881979
84.28,-1,-1.00966215049738,-0.998603889560244
84.29,-1,-1.00972443796013,-0.998956836716447
84.3,-1,-1.00972100532607,-0.999344306341712
84.31,-1,-1.00964913985369,-0.999800090582504
84.32,-1,-1.0096036014512,-1.00029758577359
84.33,-1,-1.00962354931163,-1.00071434596544
84.34,-1,-1.00956693426237,-1.00095907639206
84.35,-1,-1.0092816596571,-1.00111390984918
84.36,-1,-1.00880903291994,-1.00139671711472
84.37,-1,-1.00833657837315,-1.00195465709559
84.38,-1,-1.00801160203814,-1.00270155852206
84.39,-1,-1.00783152637633,-1.0034243274527
84.4,-1,-1.00763851523729,-1.00400377665126
84.41,-1,-1.00725643372538,-1.00447831653949
84.42,-1,-1.00665498410633,-1.00493256984288
84.43,-1,-1.00597183830758,-1.00540754298514
84.44,-1,-1.0054195158387,-1.00591570042498
84.45,-1,-1.00511849919606,-1.0064338125281
84.46,-1,-1.00492411857102,-1.00686595227726
84.47,-1,-1.00456344417997,-1.00713000754043
84.48,-1,-1.00395143148007,-1.00730801613526
84.49,-1,-1.00332989191782,-1.00757199570633
84.5,-1,-1.0030032838001,-1.00796993565163
84.51,-1,-1.00298984551296,-1.00839271219985
84.52,-1,-1.00308929873436,-1.00867428810247
84.53,-1,-1.00315019272251,-1.00874958858164
84.54,-1,-1.00321293022589,-1.00874038982617
84.55,-1,-1.00343435865486,-1.00879860282484
84.56,-1,-1.00391384834536,-1.00891990454865
84.57,-1,-1.0045421593679,-1.00895881845966
84.58,-1,-1.00503374423409,-1.00880369623374
84.59,-1,-1.00525011066416,-1.00848774014509
84.6,-1,-1.00536870965502,-1.00817372275735
84.61,-1,-1.0057053257643,-1.00800481028531
84.62,-1,-1.00642989552735,-1.00796635507369
84.63,-1,-1.0073546163529,-1.00793543987443
84.64,-1,-1.00808071578738,-1.0078412459077
84.65,-1,-1.00842575870737,-1.00770796135991
84.66,-1,-1.00860297663713,-1.00754573287616
84.67,-1,-1.00901721282979,-1.00733469751084
84.68,-1,-1.00983951556795,-1.00711793544133
84.69,-1,-1.01077950846828,-1.00700230288867
84.7,-1,-1.0113554565169,-1.00707668155225
84.71,-1,-1.01139305387662,-1.00732789531005
84.72,-1,-1.01120599753445,-1.00761482567385
84.73,-1,-1.01122665653582,-1.00775417104902
84.74,-1,-1.01157531684719,-1.00766744153067
84.75,-1,-1.01204446604843,-1.00744901516451
84.76,-1,-1.01236110129882,-1.00728525682718
84.77,-1,-1.01243611610579,-1.00732146938818
84.78,-1,-1.01243544130271,-1.00752746230688
84.79,-1,-1.01264546732472,-1.00771858879018
84.8,-1,-1.01319813654216,-1.00776049797521
84.81,-1,-1.01386236770353,-1.00772024309951
84.82,-1,-1.0142535111918,-1.00784942698591
84.83,-1,-1.01424421543035,-1.00831714828501
84.84,-1,-1.01409408453704,-1.00900482874788
84.85,-1,-1.01421020097296,-1.0096835031557
84.86,-1,-1.01476448538877,-1.01026230967813
84.87,-1,-1.01550146245976,-1.01080293218269
84.88,-1,-1.0159049449482,-1.0113766684961
84.89,-1,-1.01571667643062,-1.01192240485497
84.9,-1,-1.01531636217671,-1.01229755537488
84.91,-1,-1.01537443005968,-1.01245612029454
84.92,-1,-1.01607898224457,-1.01248963242671
84.93,-1,-1.01692576804086,-1.01253737570701
84.94,-1,-1.01726000828542,-1.0126645422778
84.95,-1,-1.01687054260395,-1.01277602464264
84.96,-1,-1.01616527511369,-1.01268623263824
84.97,-1,-1.015738940532,-1.01236249329377
84.98,-1,-1.01572844502809,-1.01200515370521
84.99,-1,-1.01575920383971,-1.01180081971529
85,-1,-1.01546756580164,-1.01171840754853
85.01,-1,-1.01490047883845,-1.01156571689273
85.02,-1,-1.01437858508482,-1.01116138125813
85.03,-1,-1.01410756114098,-1.01050894285453
85.04,-1,-1.01397509549478,-1.00983320008574
85.05,-1,-1.01368036055984,-1.00937035938647
85.06,-1,-1.01309969057241,-1.00915135761685
85.07,-1,-1.01242981487415,-1.00903108179901
85.08,-1,-1.01191311615202,-1.00887412776162
85.09,-1,-1.01153876009748,-1.00865390354205
85.1,-1,-1.01108040720803,-1.00839359961896
85.11,-1,-1.01037891726026,-1.00811092464072
85.12,-1,-1.00952337680293,-1.00781682246509
85.13,-1,-1.00878608321726,-1.00746385735863
85.14,-1,-1.00837659733737,-1.00695403565398
85.15,-1,-1.00823325310852,-1.00630204691618
85.16,-1,-1.00806905841184,-1.00565207360118
85.17,-1,-1.00765291203216,-1.0051306104068
85.18,-1,-1.00701796504884,-1.0047662560717
85.19,-1,-1.00641859185957,-1.0045290433708
85.2,-1,-1.00607771675447,-1.00438210619247
85.21,-1,-1.0059289765123,-1.00427653698027
85.22,-1,-1.00574093284958,-1.00421917940932
85.23,-1,-1.0054234436013,-1.00428003994237
85.24,-1,-1.00508616870079,-1.00445835655196
85.25,-1,-1.00489582033731,-1.00466149232776
85.26,-1,-1.00491755807333,-1.00479944250488
85.27,-1,-1.00506688530773,-1.00483146565892
85.28,-1,-1.00518830585087,-1.00478589329235
85.29,-1,-1.0051861346554,-1.00475798891502
85.3,-1,-1.0050994548682,-1.00480721977526
85.31,-1,-1.00507825813814,-1.00488688202025
85.32,-1,-1.00524536451468,-1.00492016524864
85.33,-1,-1.00553342898717,-1.0049028907195
85.34,-1,-1.00572184579838,-1.00486389546718
85.35,-1,-1.00566410639496,-1.00481779397901
85.36,-1,-1.00542374809812,-1.00481697114759
85.37,-1,-1.00520091047181,-1.00494587849527
85.38,-1,-1.00515781361371,-1.00519772371396
85.39,-1,-1.00528807071994,-1.00543493340646
85.4,-1,-1.005412047866,-1.00552904898832
85.41,-1,-1.00535543824541,-1.00549284663378
85.42,-1,-1.00512321577203,-1.00545165257262
85.43,-1,-1.00489029842203,-1.00554942970314
85.44,-1,-1.00485142516288,-1.00580943682929
85.45,-1,-1.0050290191498,-1.00606944623833
85.46,-1,-1.00526064375968,-1.00617619581734
85.47,-1,-1.00536624220551,-1.00612759131829
85.48,-1,-1.00532906048375,-1.00606460679235
85.49,-1,-1.0052976378066,-1.00617900884142
85.5,-1,-1.00540503720155,-1.0065684314573
85.51,-1,-1.00563420185529,-1.00713267722431
85.52,-1,-1.00584880725035,-1.00761065214365
85.53,-1,-1.0059761158776,-1.00783989812348
85.54,-1,-1.00610916837138,-1.0079363553938
85.55,-1,-1.00640401297918,-1.00815807993949
85.56,-1,-1.00686614100313,-1.00863875227225
85.57,-1,-1.00731991077161,-1.00932795253495
85.58,-1,-1.00761399637898,-1.01008287633888
85.59,-1,-1.00775960641506,-1.01074698478896
85.6,-1,-1.0079329770413,-1.01125155987647
85.61,-1,-1.00829540287588,-1.01163385746944
85.62,-1,-1.00878075740156,-1.0119231547509
85.63,-1,-1.00917877921473,-1.01206187549263
85.64,-1,-1.00940678539502,-1.01205721147046
85.65,-1,-1.00960484986604,-1.01208329509019
85.66,-1,-1.00998514622488,-1.01225320581567
85.67,-1,-1.01062401304159,-1.01247275705632
85.68,-1,-1.01135849887839,-1.01257506794091
85.69,-1,-1.0118960388947,-1.01251089880194
85.7,-1,-1.0120740043133,-1.01240302205522
85.71,-1,-1.0120286816456,-1.01241541766703
85.72,-1,-1.01204518500672,-1.01255811036186
85.73,-1,-1.01222324999635,-1.01266085729803
85.74,-1,-1.0123914625581,-1.01259533657947
85.75,-1,-1.01234440351089,-1.01243183540782
85.76,-1,-1.01206568335868,-1.01231355762333
85.77,-1,-1.01176959703365,-1.01227312241945
85.78,-1,-1.01173000610852,-1.01222369993133
85.79,-1,-1.01194992952515,-1.01207020576423
85.8,-1,-1.0121469598451,-1.01183775654986
85.81,-1,-1.01209076395659,-1.01165268749929
85.82,-1,-1.01185164336212,-1.0115609829215
85.83,-1,-1.01173625081624,-1.01146933217425
85.84,-1,-1.0119545469263,-1.01127713309348
85.85,-1,-1.0124171276039,-1.01094453893069
85.86,-1,-1.01283024412979,-1.01047820235922
85.87,-1,-1.01291590493771,-1.00996670575127
85.88,-1,-1.01267595265469,-1.00954583620231
85.89,-1,-1.0124478888168,-1.00925710125788
85.9,-1,-1.01258559246722,-1.00899202451611
85.91,-1,-1.01312760405388,-1.00862337882343
85.92,-1,-1.01378327077134,-1.00813465362747
85.93,-1,-1.01417022624855,-1.00762370229972
85.94,-1,-1.01411438782267,-1.00720331310754
85.95,-1,-1.01379040237495,-1.0069106263385
85.96,-1,-1.01350999669228,-1.0067057425328
85.97,-1,-1.01340909377734,-1.006494863523
85.98,-1,-1.01339185216657,-1.0061965795485
85.99,-1,-1.01326286166227,-1.00580648479044
86,-1,-1.01289000730987,-1.00538616650262
86.01,-1,-1.0123522671634,-1.00496631001153
86.02,-1,-1.01191155748114,-1.00456719932739
86.03,-1,-1.01174290259424,-1.00426704774752
86.04,-1,-1.01171474009857,-1.00408937095946
86.05,-1,-1.0115204929793,-1.0039421338378
86.06,-1,-1.01100380553146,-1.003737366988
86.07,-1,-1.01026452794125,-1.00348086567715
86.08,-1,-1.00956216431865,-1.00323628043921
86.09,-1,-1.00914955203103,-1.00308571027755
86.1,-1,-1.00905926247835,-1.00310666481513
86.11,-1,-1.0090414916917,-1.00333478819396
86.12,-1,-1.00874005834537,-1.00375559347604
86.13,-1,-1.00796187953262,-1.00427088438852
86.14,-1,-1.00691008693592,-1.00474143956945
86.15,-1,-1.00611719252253,-1.00518199937743
86.16,-1,-1.00594616627184,-1.0057948251136
86.17,-1,-1.00622891010646,-1.00671324097406
86.18,-1,-1.00643892711941,-1.00779625072458
86.19,-1,-1.0061939926317,-1.00874450144667
86.2,-1,-1.00561441497015,-1.00934116310225
86.21,-1,-1.00513145715244,-1.00967413336475
86.22,-1,-1.00497610757935,-1.01009886328031
86.23,-1,-1.00496138141675,-1.01085197429017
86.24,-1,-1.00478616250121,-1.01179004385524
86.25,-1,-1.00438867262435,-1.01253212788021
86.26,-1,-1.0039645619089,-1.01284613367547
86.27,-1,-1.00376005964455,-1.01287829427044
86.28,-1,-1.00377234436014,-1.01298833270827
86.29,-1,-1.00373574534115,-1.01341921695773
86.3,-1,-1.00345928574652,-1.01408058383105
86.31,-1,-1.00305685654679,-1.014619969822
86.32,-1,-1.00279182847968,-1.01477123028883
86.33,-1,-1.00278631567488,-1.01455979120712
86.34,-1,-1.00293166350129,-1.01423818264567
86.35,-1,-1.00299955864119,-1.0140895000349
86.36,-1,-1.00290098244473,-1.01416688752421
86.37,-1,-1.00276410561723,-1.01422608547167
86.38,-1,-1.00274437538327,-1.01394730685462
86.39,-1,-1.00287825372589,-1.01324200034848
86.4,-1,-1.00311778163624,-1.01235871562712
86.41,-1,-1.00338173717554,-1.01167917177857
86.42,-1,-1.00356734789477,-1.011361352492
86.43,-1,-1.00364562868126,-1.01116446266443
86.44,-1,-1.00367092866931,-1.01071104501755
86.45,-1,-1.00373125783481,-1.00989504782679
86.46,-1,-1.00391252865034,-1.00899143700556
86.47,-1,-1.00417525732889,-1.00839288321385
86.48,-1,-1.00435622186309,-1.00823323228171
86.49,-1,-1.00438949493497,-1.00827404348378
86.5,-1,-1.00437840557479,-1.00816434773389
86.51,-1,-1.0044566148683,-1.00782095635676
86.52,-1,-1.00465627225126,-1.00745999047071
86.53,-1,-1.00492406975198,-1.00734362520174
86.54,-1,-1.00521557456581,-1.00758681676593
86.55,-1,-1.00549231347379,-1.00805973473203
86.56,-1,-1.00570820061971,-1.00845351512196
86.57,-1,-1.00585097779764,-1.00852851929902
86.58,-1,-1.00596084522408,-1.00833781361746
86.59,-1,-1.00611219524231,-1.00817931379917
86.6,-1,-1.00634839287667,-1.00829699004157
86.61,-1,-1.00662244297841,-1.00862186454353
86.62,-1,-1.00686852921216,-1.00882478993286
86.63,-1,-1.00710120812095,-1.00864414908211
86.64,-1,-1.00733667016524,-1.00818585879718
86.65,-1,-1.00752516493113,-1.00783373488534
86.66,-1,-1.00768162943259,-1.00789379480146
86.67,-1,-1.00796226773286,-1.0083451560616
86.68,-1,-1.0084574310916,-1.0088637267508
86.69,-1,-1.0089986861558,-1.00908607610106
86.7,-1,-1.00928584624457,-1.00890685765808
86.71,-1,-1.00915956608676,-1.00852976134926
86.72,-1,-1.00880459634155,-1.00822101000995
86.73,-1,-1.00866801800897,-1.00808110991891
86.74,-1,-1.00903650240949,-1.00801644887473
86.75,-1,-1.00969012749052,-1.00788987090527
86.76,-1,-1.0101066846302,-1.00766755507985
86.77,-1,-1.01005389103911,-1.00739839384105
86.78,-1,-1.00981216469564,-1.00713416260078
86.79,-1,-1.00981181829074,-1.00684507863022
86.8,-1,-1.01022728983846,-1.00647439071392
86.81,-1,-1.01085750005634,-1.00608702992805
86.82,-1,-1.01133049256665,-1.00582573888842
86.83,-1,-1.01144259436887,-1.00577379450161
86.84,-1,-1.01129880031523,-1.00588202444976
86.85,-1,-1.01117920922901,-1.00602468109109
86.86,-1,-1.01128744885046,-1.00609987158073
86.87,-1,-1.0115825910676,-1.00605327112261
86.88,-1,-1.01184548296584,-1.00594053007463
86.89,-1,-1.0118952173288,-1.00594231991639
86.9,-1,-1.0117555178091,-1.0061895978799
86.91,-1,-1.01164949528088,-1.00661340863466
86.92,-1,-1.01175238911618,-1.00702460360895
86.93,-1,-1.01196442346099,-1.0072323420538
86.94,-1,-1.01200845550286,-1.0072286337638
86.95,-1,-1.0117231258403,-1.00724242364958
86.96,-1,-1.01124611961073,-1.00742771403304
86.97,-1,-1.01090484008277,-1.0076871041123
86.98,-1,-1.01087331957428,-1.00781339314737
86.99,-1,-1.01098631339687,-1.00770017054923
87,-1,-1.01095080848915,-1.00740315657511
87.01,-1,-1.01063307571524,-1.00704296556767
87.02,-1,-1.01012954415132,-1.00672877352258
87.03,-1,-1.00965693008473,-1.00649974057123
87.04,-1,-1.00938833753645,-1.00628260485287
87.05,-1,-1.00930349278537,-1.00598642194399
87.06,-1,-1.00917965030363,-1.00561593241927
87.07,-1,-1.00878154017999,-1.00526067655592
87.08,-1,-1.00808343383071,-1.0049775942901
87.09,-1,-1.00731341044249,-1.00472726793139
87.1,-1,-1.00674714032144,-1.00440510966429
87.11,-1,-1.00645204938148,-1.0039023059735
87.12,-1,-1.00621708452465,-1.00325791701656
87.13,-1,-1.00577526935083,-1.00270865772054
87.14,-1,-1.00507503212311,-1.00245656421347
87.15,-1,-1.0043460925989,-1.00248542029761
87.16,-1,-1.00393318607633,-1.00262315551226
87.17,-1,-1.00389611486929,-1.0027080564955
87.18,-1,-1.00386196860193,-1.00270646699786
87.19,-1,-1.00343310600397,-1.00267038761212
87.2,-1,-1.00259617448557,-1.00261936936897
87.21,-1,-1.00171946133993,-1.00251028652526
87.22,-1,-1.00126645045148,-1.00229973994474
87.23,-1,-1.00140550180343,-1.00198898670805
87.24,-1,-1.00178624587799,-1.00161701760324
87.25,-1,-1.00185897321735,-1.00127540384209
87.26,-1,-1.00142417990302,-1.00102739341973
87.27,-1,-1.00077451531109,-1.00078184287871
87.28,-1,-1.00035635162671,-1.00040567891821
87.29,-1,-1.000322341733,-0.999922921139569
87.3,-1,-1.00046680114877,-0.999564713830187
87.31,-1,-1.00053897629377,-0.999602545432434
87.32,-1,-1.00046564678852,-1.00003456985159
87.33,-1,-1.00030622277169,-1.00049887322769
87.34,-1,-1.0001947747477,-1.00058505591609
87.35,-1,-1.00028056941091,-1.00024439973947
87.36,-1,-1.00059135042428,-0.999845863929723
87.37,-1,-1.0009754490801,-0.999842757453885
87.38,-1,-1.00119735103172,-1.00033598171567
87.39,-1,-1.00116640219711,-1.00095403553205
87.4,-1,-1.00108861673011,-1.00123981533865
87.41,-1,-1.00127238878486,-1.0011205131591
87.42,-1,-1.0017880083599,-1.00095820854983
87.43,-1,-1.00239069267828,-1.00115400190876
87.44,-1,-1.00275761017394,-1.00177629334706
87.45,-1,-1.00284337324486,-1.002578619844
87.46,-1,-1.0029355929895,-1.00327988390384
87.47,-1,-1.00328474251065,-1.00382107683531
87.48,-1,-1.00383316641221,-1.00433903299654
87.49,-1,-1.00431805087395,-1.0049026146091
87.5,-1,-1.00451887600008,-1.00544417235699
87.51,-1,-1.00446722002153,-1.0059348752176
87.52,-1,-1.004419840372,-1.00647167199711
87.53,-1,-1.00462448994671,-1.00706363478004
87.54,-1,-1.00508678484888,-1.00752006220715
87.55,-1,-1.0055016491298,-1.00777303116694
87.56,-1,-1.00554719270173,-1.00801820481592
87.57,-1,-1.00527554919308,-1.00840887321982
87.58,-1,-1.00506742824283,-1.00889730554064
87.59,-1,-1.00518716435364,-1.00934432734029
87.6,-1,-1.00550620865505,-1.00966969893686
87.61,-1,-1.00568728566727,-1.00994769174379
87.62,-1,-1.00558537957944,-1.01031341980608
87.63,-1,-1.00541210852248,-1.01079815491177
87.64,-1,-1.00545758628461,-1.01131541061872
87.65,-1,-1.00577678871615,-1.01176665235697
87.66,-1,-1.00616891443334,-1.01211400044211
87.67,-1,-1.00631669837665,-1.01234326436386
87.68,-1,-1.00610574918278,-1.01242358581529
87.69,-1,-1.00575721896814,-1.0123424961441
87.7,-1,-1.00551279278236,-1.01216277978867
87.71,-1,-1.00540491781629,-1.01198825538592
87.72,-1,-1.00533518182306,-1.01187809990736
87.73,-1,-1.00521281393329,-1.01182801019149
87.74,-1,-1.00499630504341,-1.01180984177046
87.75,-1,-1.00478178507276,-1.01180328609449
87.76,-1,-1.00476977747678,-1.01177267851754
87.77,-1,-1.00499951089145,-1.01166708666781
87.78,-1,-1.00530802819415,-1.01145266846668
87.79,-1,-1.00554181551523,-1.01114362766261
87.8,-1,-1.00569472700956,-1.01079116003357
87.81,-1,-1.00585296366571,-1.01043812821681
87.82,-1,-1.00605843636951,-1.01008754068632
87.83,-1,-1.00628630893933,-1.00967805005265
87.84,-1,-1.0065098195034,-1.00917840504184
87.85,-1,-1.00676518565068,-1.00872610593161
87.86,-1,-1.00711996198763,-1.00854983231434
87.87,-1,-1.00757825858087,-1.00875775117618
87.88,-1,-1.00803219488528,-1.00926104899302
87.89,-1,-1.00833135951914,-1.00982222527358
87.9,-1,-1.00846417472252,-1.01015871405213
87.91,-1,-1.00863848603194,-1.01013612623637
87.92,-1,-1.00908606091473,-1.00991596227397
87.93,-1,-1.0097796449929,-1.009795306931
87.94,-1,-1.01045067194133,-1.00987600771225
87.95,-1,-1.01092047720522,-1.00996089667237
87.96,-1,-1.01127230590835,-1.00976758698713
87.97,-1,-1.01168446078308,-1.00924751360002
87.98,-1,-1.01219311803369,-1.008692133513
87.99,-1,-1.01266051668911,-1.00846962634518
88,-1,-1.01298202566692,-1.00860898591197
88.01,-1,-1.01323586799502,-1.00880447700278
88.02,-1,-1.01352459627984,-1.00879752246877
88.03,-1,-1.01377136810513,-1.00860257813016
88.04,-1,-1.01385439286429,-1.00844553273513
88.05,-1,-1.01382172887304,-1.00852106925209
88.06,-1,-1.01382479734638,-1.0088133874679
88.07,-1,-1.01391191123156,-1.00911487113647
88.08,-1,-1.01398904028355,-1.00927117776057
88.09,-1,-1.01396605710654,-1.00931011965319
88.1,-1,-1.0138597493319,-1.00932569141663
88.11,-1,-1.0137974348738,-1.00938346317609
88.12,-1,-1.01389738098579,-1.00944951916083
88.13,-1,-1.01406686328357,-1.00943741362234
88.14,-1,-1.01406616974016,-1.00935264439832
88.15,-1,-1.01381290625697,-1.00929312724725
88.16,-1,-1.01346144044909,-1.00934381325798
88.17,-1,-1.01319291508046,-1.00951839902497
88.18,-1,-1.01308342513385,-1.0097048313812
88.19,-1,-1.01309346141946,-1.00977842802813
88.2,-1,-1.01307061906874,-1.00980626676337
88.21,-1,-1.01289206164112,-1.00999292404129
88.22,-1,-1.0126240691361,-1.01044549051141
88.23,-1,-1.01243239878432,-1.01103089921228
88.24,-1,-1.01239977019023,-1.01150575420216
88.25,-1,-1.01249804756148,-1.01178408121678
88.26,-1,-1.01265586087646,-1.01199217480261
88.27,-1,-1.01278967065786,-1.01227663995114
88.28,-1,-1.01282315939165,-1.01264367084793
88.29,-1,-1.01274920828378,-1.01299495165565
88.3,-1,-1.01261555691106,-1.01319769033173
88.31,-1,-1.01243197436518,-1.01313341523523
88.32,-1,-1.01218940860784,-1.01286743774112
88.33,-1,-1.01194533513007,-1.01267539121858
88.34,-1,-1.01170821076142,-1.01273438330425
88.35,-1,-1.0113342788679,-1.01289733859882
88.36,-1,-1.01072272908611,-1.01289287642441
88.37,-1,-1.01001342348986,-1.01266971330519
88.38,-1,-1.00946494503192,-1.01242601398695
88.39,-1,-1.00917301850807,-1.012314259549
88.4,-1,-1.00899927753331,-1.01225610384092
88.41,-1,-1.00877920489426,-1.012080285443
88.42,-1,-1.00850711289776,-1.01176147513278
88.43,-1,-1.00824507845304,-1.01146721801054
88.44,-1,-1.00798132948901,-1.01134578486922
88.45,-1,-1.00767382924686,-1.01138370489195
88.46,-1,-1.00734864537802,-1.01145368914186
88.47,-1,-1.00712696341214,-1.01149110876503
88.48,-1,-1.00713235830824,-1.01156725302087
88.49,-1,-1.00733819121039,-1.01175636543565
88.5,-1,-1.00759196008523,-1.01196555834125
88.51,-1,-1.00772330060102,-1.01192065765377
88.52,-1,-1.00764053603578,-1.01144484993889
88.53,-1,-1.00739899815402,-1.01072842998559
88.54,-1,-1.00711297747161,-1.01015800762976
88.55,-1,-1.00688054406168,-1.00993021819823
88.56,-1,-1.00675754976566,-1.00990262116973
88.57,-1,-1.00669054715386,-1.0097667830776
88.58,-1,-1.00652330490964,-1.00933976231015
88.59,-1,-1.00617124839591,-1.00869403991295
88.6,-1,-1.00573391056191,-1.00806094365547
88.61,-1,-1.00540515368568,-1.00765292578086
88.62,-1,-1.00529706705759,-1.00750658434968
88.63,-1,-1.00529210364564,-1.007491434763
88.64,-1,-1.00517337934696,-1.00746910354647
88.65,-1,-1.00485061055627,-1.00738640719174
88.66,-1,-1.00441604363682,-1.00727900703148
88.67,-1,-1.00409795188343,-1.00718815439588
88.68,-1,-1.00406246684765,-1.00709462378698
88.69,-1,-1.00418475961865,-1.00698095714395
88.7,-1,-1.00415997329415,-1.0069075378087
88.71,-1,-1.00388814285825,-1.00696185069193
88.72,-1,-1.00358217834406,-1.00709191540285
88.73,-1,-1.00348815137337,-1.00708374932799
88.74,-1,-1.00361585918526,-1.00679602819398
88.75,-1,-1.00376757579589,-1.00637252374617
88.76,-1,-1.00373299556926,-1.00613854712814
88.77,-1,-1.00343269872931,-1.00627754356487
88.78,-1,-1.00298117702647,-1.00665521180213
88.79,-1,-1.00257070687388,-1.00692367439986
88.8,-1,-1.00228309800729,-1.00683187112635
88.81,-1,-1.00208110153294,-1.00650288107868
88.82,-1,-1.00190037881078,-1.00630668875326
88.83,-1,-1.00170789897305,-1.0064349270023
88.84,-1,-1.00150480279009,-1.00669419302425
88.85,-1,-1.00127473834615,-1.00668341501872
88.86,-1,-1.00101087923676,-1.00618908610674
88.87,-1,-1.00077285313968,-1.00544774969595
88.88,-1,-1.00060695264719,-1.00490009812852
88.89,-1,-1.00052099982705,-1.00471975741465
88.9,-1,-1.00053334368457,-1.00470161170793
88.91,-1,-1.00061393760631,-1.00454782068733
88.92,-1,-1.00065929721595,-1.00418503883813
88.93,-1,-1.000625910156,-1.00376364025998
88.94,-1,-1.0006294943218,-1.00348668410342
88.95,-1,-1.00078638935186,-1.00342301887488
88.96,-1,-1.001018085809,-1.00343439577741
88.97,-1,-1.00114393034225,-1.00335480875027
88.98,-1,-1.00113312593178,-1.00315933212335
88.99,-1,-1.00113509118897,-1.00293847342491
89,-1,-1.00127833601535,-1.00276586753858
89.01,-1,-1.00151440155796,-1.00262163250235
89.02,-1,-1.00167608733698,-1.0024058118367
89.03,-1,-1.00166568470954,-1.00204238011265
89.04,-1,-1.00156289675504,-1.00157594439056
89.05,-1,-1.00157711929751,-1.00115329285798
89.06,-1,-1.00186182954663,-1.00092921539308
89.07,-1,-1.0023360519713,-1.00097324616424
89.08,-1,-1.00273384541639,-1.00127083618051
89.09,-1,-1.00285764467166,-1.00173604257324
89.1,-1,-1.00273585607615,-1.00214555382215
89.11,-1,-1.00258556736306,-1.00227358970524
89.12,-1,-1.0025968867046,-1.00218781451426
89.13,-1,-1.00278046703435,-1.0021620701815
89.14,-1,-1.0030274416551,-1.00235765462408
89.15,-1,-1.00318834746176,-1.00268983520806
89.16,-1,-1.00319642000197,-1.00292135765341
89.17,-1,-1.00316440425542,-1.00291524799965
89.18,-1,-1.00328815765247,-1.0028316603004
89.19,-1,-1.00365871819627,-1.00292884747736
89.2,-1,-1.00417413195139,-1.00324053559548
89.21,-1,-1.00459828147749,-1.00357372723015
89.22,-1,-1.00477890617134,-1.00373191817857
89.23,-1,-1.00478331328976,-1.00372286454218
89.24,-1,-1.00472394909152,-1.00374751343014
89.25,-1,-1.00463779747427,-1.003998925782
89.26,-1,-1.00452217530826,-1.00446382418771
89.27,-1,-1.00437491362101,-1.00494699689911
89.28,-1,-1.00427331792166,-1.00524001944548
89.29,-1,-1.00426236899213,-1.00530962828797
89.3,-1,-1.00421063101733,-1.00540082236073
89.31,-1,-1.00396383376588,-1.00583530211661
89.32,-1,-1.00353572333949,-1.00668275095172
89.33,-1,-1.00308920931764,-1.00767773234543
89.34,-1,-1.00280474844082,-1.00846257317632
89.35,-1,-1.00270618599461,-1.00891161510781
89.36,-1,-1.00261103286118,-1.00919578526008
89.37,-1,-1.00232121927357,-1.0095438339024
89.38,-1,-1.00183138695637,-1.01001251648351
89.39,-1,-1.00134954417556,-1.01045715070437
89.4,-1,-1.00109038246071,-1.01072881214114
89.41,-1,-1.00104714633496,-1.0108961255158
89.42,-1,-1.0010244295244,-1.01114463027987
89.43,-1,-1.00085462117,-1.0114985823878
89.44,-1,-1.00054270996784,-1.01181408295394
89.45,-1,-1.0002471594575,-1.01198813063504
89.46,-1,-1.00014604898944,-1.01206121930712
89.47,-1,-1.00028094182384,-1.0121639412172
89.48,-1,-1.0004940174682,-1.01234153286705
89.49,-1,-1.00051925811466,-1.01246576389809
89.5,-1,-1.00019291333494,-1.01240534182073
89.51,-1,-0.999653324059495,-1.01219650887563
89.52,-1,-0.99926217855899,-1.01201153065443
89.53,-1,-0.99927060426327,-1.01202224208543
89.54,-1,-0.999638827022742,-1.01224564475401
89.55,-1,-1.00014758033739,-1.01250443959892
89.56,-1,-1.00058072823685,-1.01253244217822
89.57,-1,-1.0008163015736,-1.01220090714012
89.58,-1,-1.00086559830213,-1.01168526152253
89.59,-1,-1.00084432108309,-1.01130548153583
89.6,-1,-1.00084919268234,-1.0111761945362
89.61,-1,-1.0009352986057,-1.01106843322664
89.62,-1,-1.00113724961048,-1.0106843675976
89.63,-1,-1.00136107723423,-1.00995324728042
89.64,-1,-1.00144616571395,-1.00905289521618
89.65,-1,-1.00137106541978,-1.00831785817219
89.66,-1,-1.00127159070799,-1.0079777747483
89.67,-1,-1.00135523119251,-1.00794588631156
89.68,-1,-1.00172216380796,-1.00789016523405
89.69,-1,-1.00221370939706,-1.00755414581764
89.7,-1,-1.00255307153907,-1.00703362797842
89.71,-1,-1.00259840950164,-1.00662858340634
89.72,-1,-1.00246024391112,-1.0065005509474
89.73,-1,-1.00244491972825,-1.00650871872895
89.74,-1,-1.00277166368716,-1.00636241153943
89.75,-1,-1.00330486822504,-1.00592083525177
89.76,-1,-1.00371237919054,-1.00529949944028
89.77,-1,-1.00380898076267,-1.00472239623207
89.78,-1,-1.00369812994426,-1.00431061770158
89.79,-1,-1.00365226379172,-1.00394698348311
89.8,-1,-1.003876560299,-1.00340635939863
89.81,-1,-1.00432556701639,-1.00261669932993
89.82,-1,-1.00473097823834,-1.00168710306737
89.83,-1,-1.00489122032693,-1.00077038131656
89.84,-1,-1.00490562919633,-0.999965809496605
89.85,-1,-1.00506124872102,-0.999272001765737
89.86,-1,-1.00555537329438,-0.998582709519131
89.87,-1,-1.00635319412064,-0.997795893074776
89.88,-1,-1.00721038641781,-0.996910352711036
89.89,-1,-1.0078479832588,-0.996033287169499
89.9,-1,-1.00817641924106,-0.995306883050119
89.91,-1,-1.00837355613649,-0.994787201804749
89.92,-1,-1.0087096626683,-0.9944110752514
89.93,-1,-1.00926451173275,-0.994028827210512
89.94,-1,-1.00983661081563,-0.993565858454074
89.95,-1,-1.01013600420291,-0.993155735848069
89.96,-1,-1.01009107649102,-0.993010321753381
89.97,-1,-1.00990499344892,-0.993199565756238
89.98,-1,-1.00985750098151,-0.993594177811302
89.99,-1,-1.01008367778173,-0.99398761482652
90,-1,-1.01048913149857,-0.994225363116927
90.01,-1,-1.01083486825539,-0.994340617124306
90.02,-1,-1.01094769621221,-0.994558274354084
90.03,-1,-1.01088814462363,-0.995041240328614
90.04,-1,-1.01083800214348,-0.995623514212011
90.05,-1,-1.01092238969198,-0.995985052746359
90.06,-1,-1.0111447898959,-0.996047155712047
90.07,-1,-1.01141106778685,-0.996004314602621
90.08,-1,-1.01161051454038,-0.996075143800358
90.09,-1,-1.01165577363213,-0.996275541015772
90.1,-1,-1.01154072960001,-0.99644852014916
90.11,-1,-1.01136447457864,-0.996504951801562
90.12,-1,-1.01126670973407,-0.996567615405196
90.13,-1,-1.0113562741009,-0.996915757697903
90.14,-1,-1.01158465146543,-0.997686807479282
90.15,-1,-1.01176248925275,-0.998668261981456
90.16,-1,-1.01179109297862,-0.999538687313608
90.17,-1,-1.01177040922209,-1.00021930296518
90.18,-1,-1.01189272360445,-1.00086646492273
90.19,-1,-1.01228522788707,-1.00158349114317
90.2,-1,-1.01288581531354,-1.00225827483146
90.21,-1,-1.01339573801415,-1.00274008572039
90.22,-1,-1.01351195148938,-1.00308322313501
90.23,-1,-1.01322246138771,-1.00343701329639
90.24,-1,-1.01281355888661,-1.00379748234131
90.25,-1,-1.01267885617363,-1.00405139816758
90.26,-1,-1.01302495521335,-1.00414877434492
90.27,-1,-1.01367328740753,-1.00413432900063
90.28,-1,-1.01423213125546,-1.0041279913309
90.29,-1,-1.01444490733571,-1.00424842132899
90.3,-1,-1.01431396800795,-1.00448053299847
90.31,-1,-1.01403623840628,-1.00469947378472
90.32,-1,-1.01386896575748,-1.00479454858032
90.33,-1,-1.01391326818571,-1.00474918794919
90.34,-1,-1.01398513024553,-1.00465446147164
90.35,-1,-1.01382191661533,-1.00459617759951
90.36,-1,-1.01339654030985,-1.00456481763266
90.37,-1,-1.01293092801722,-1.00450952792036
90.38,-1,-1.01265792040232,-1.00438348615285
90.39,-1,-1.01258426589114,-1.00413086817125
90.4,-1,-1.01245370028229,-1.00373119945462
90.41,-1,-1.01199642883897,-1.00325232059228
90.42,-1,-1.01121669421393,-1.00278812084517
90.43,-1,-1.01039500341301,-1.00243052771264
90.44,-1,-1.00979936233236,-1.00224242779639
90.45,-1,-1.00942250497368,-1.00213266735835
90.46,-1,-1.00902402571982,-1.00192809101796
90.47,-1,-1.00835162209657,-1.00157452940813
90.48,-1,-1.00735496536968,-1.00118652348015
90.49,-1,-1.00624332832,-1.00094383327637
90.5,-1,-1.00528000112822,-1.00095446579372
90.51,-1,-1.00454768448042,-1.0011591350803
90.52,-1,-1.00399074211213,-1.00135928648394
90.53,-1,-1.00355502841805,-1.00134735550465
90.54,-1,-1.00320196297412,-1.00109392315895
90.55,-1,-1.00289841108718,-1.00082020157051
90.56,-1,-1.0025671774382,-1.00077431147751
90.57,-1,-1.0021054342045,-1.0009496374055
90.58,-1,-1.00152261871689,-1.00111239768872
90.59,-1,-1.00100733672385,-1.00108763056142
90.6,-1,-1.0007772072784,-1.00092490679039
90.61,-1,-1.00080933156657,-1.00083274520927
90.62,-1,-1.00082231927497,-1.00095615580096
90.63,-1,-1.00055202086014,-1.00122041154286
90.64,-1,-1.00002969898133,-1.00149904868964
90.65,-1,-0.999574762497867,-1.00177543064765
90.66,-1,-0.999444009554378,-1.00206958914816
90.67,-1,-0.999579190718026,-1.00236055331121
90.68,-1,-0.99975810361817,-1.00261928083715
90.69,-1,-0.999818356605187,-1.00283750743153
90.7,-1,-0.999723702346219,-1.00306019333021
90.71,-1,-0.999562956907706,-1.00338871273583
90.72,-1,-0.999439594695649,-1.00385053473185
90.73,-1,-0.999372960037659,-1.00436672056884
90.74,-1,-0.999352068273309,-1.00483933154065
90.75,-1,-0.999327695712115,-1.00522110110309
90.76,-1,-0.999258198649639,-1.00557234806116
90.77,-1,-0.999214537938322,-1.00601223718986
90.78,-1,-0.999275319513482,-1.00655845588596
90.79,-1,-0.999397131012087,-1.00712176882359
90.8,-1,-0.999500763507611,-1.00762014176692
90.81,-1,-0.999547943391858,-1.00801380499241
90.82,-1,-0.999500651634112,-1.00828315232444
90.83,-1,-0.999324574101311,-1.00846758758672
90.84,-1,-0.999014231620466,-1.00870146109085
90.85,-1,-0.998625604088465,-1.00905309219064
90.86,-1,-0.998289762590768,-1.0094337692902
90.87,-1,-0.998144212432226,-1.00969750667686
90.88,-1,-0.998198075444671,-1.00973704037948
90.89,-1,-0.998252752715941,-1.00961055656882
90.9,-1,-0.998078957383705,-1.00951309093664
90.91,-1,-0.997679834324108,-1.00955602737773
90.92,-1,-0.997290582171525,-1.00967527622149
90.93,-1,-0.997187481939722,-1.00977825704129
90.94,-1,-0.99747761816701,-1.00989183830521
90.95,-1,-0.997989178274193,-1.01008070277312
90.96,-1,-0.99843663222149,-1.01031368615277
90.97,-1,-0.998727935981691,-1.01048725281021
90.98,-1,-0.998991661392173,-1.01054241077354
90.99,-1,-0.999321363759462,-1.0105242329426
91,-1,-0.999674405154617,-1.01055978744341
91.01,-1,-0.999983902932196,-1.01077317214572
91.02,-1,-1.00027337620295,-1.01113030407272
91.03,-1,-1.00060902510051,-1.01140809402941
91.04,-1,-1.0010115295921,-1.01139791768962
91.05,-1,-1.00147855642022,-1.01111340828025
91.06,-1,-1.00195622388588,-1.01078901934574
91.07,-1,-1.00229322946954,-1.01065520825399
91.08,-1,-1.00241744970979,-1.01068774594036
91.09,-1,-1.00250125034941,-1.01064151519893
91.1,-1,-1.00278998980612,-1.01029858213315
91.11,-1,-1.00330979922706,-1.00970168107707
91.12,-1,-1.00385748921127,-1.00915846698783
91.13,-1,-1.00420805505423,-1.00895461763859
91.14,-1,-1.00431169917614,-1.00911207951524
91.15,-1,-1.00434415911591,-1.00939351732813
91.16,-1,-1.00447883000792,-1.00948422356698
91.17,-1,-1.0046480294934,-1.00926414661763
91.18,-1,-1.00467196984448,-1.00893363592276
91.19,-1,-1.00453720248245,-1.00881723526008
91.2,-1,-1.00442993441495,-1.00905207845255
91.21,-1,-1.00448670104232,-1.00940013859535
91.22,-1,-1.00459931768336,-1.00945035803916
91.23,-1,-1.00452249132716,-1.00908912871463
91.24,-1,-1.00420084087053,-1.0086435618485
91.25,-1,-1.00386836589047,-1.00848456758806
91.26,-1,-1.00377117502497,-1.00859356067639
91.27,-1,-1.00390775045788,-1.00862560909329
91.28,-1,-1.00402331764817,-1.00831117293419
91.29,-1,-1.00387177831773,-1.00775706864479
91.3,-1,-1.00349183068981,-1.00735785343807
91.31,-1,-1.00321887018067,-1.00738400042536
91.32,-1,-1.00335323291162,-1.00770922693352
91.33,-1,-1.0037744379684,-1.00795345872441
91.34,-1,-1.00402857825541,-1.00787121560735
91.35,-1,-1.00382936270619,-1.00756678159959
91.36,-1,-1.0033570985848,-1.00733856405942
91.37,-1,-1.0030349824599,-1.00737025326685
91.38,-1,-1.00307179911962,-1.00758129582602
91.39,-1,-1.00326154069114,-1.00772997149884
91.4,-1,-1.00327332199802,-1.00761751364744
91.41,-1,-1.00299746402744,-1.00723053841338
91.42,-1,-1.00257459847112,-1.00677582351191
91.43,-1,-1.00221555408764,-1.00653689317491
91.44,-1,-1.00200329493357,-1.00659404595484
91.45,-1,-1.00189629018104,-1.00671560183139
91.46,-1,-1.00180661107561,-1.00658227486457
91.47,-1,-1.00163896925344,-1.00610781547122
91.48,-1,-1.00139422950931,-1.0055083870372
91.49,-1,-1.00121857662252,-1.00507877062706
91.5,-1,-1.00125053738298,-1.00490949182212
91.51,-1,-1.00150136670141,-1.00485770783068
91.52,-1,-1.00185583783085,-1.00470505107484
91.53,-1,-1.00213773453999,-1.00431108950752
91.54,-1,-1.00220399081487,-1.00375165891918
91.55,-1,-1.00204856559737,-1.00326927770742
91.56,-1,-1.00183376195714,-1.00305333875889
91.57,-1,-1.00172208038012,-1.00302874425954
91.58,-1,-1.00173151787669,-1.00286012603892
91.59,-1,-1.00175523254068,-1.00232035598429
91.6,-1,-1.00167523386361,-1.00159424224545
91.61,-1,-1.00153449347795,-1.0010575970191
91.62,-1,-1.00154996412948,-1.00087105363118
91.63,-1,-1.00186657456433,-1.0008821118012
91.64,-1,-1.00233924992591,-1.00084630589837
91.65,-1,-1.00265784965211,-1.00065294493631
91.66,-1,-1.00270059147882,-1.00037944587214
91.67,-1,-1.00264546637561,-1.00017294326967
91.68,-1,-1.00271234654721,-1.00006506933963
91.69,-1,-1.00294577987728,-0.999995529376739
91.7,-1,-1.00324703017516,-0.99999820707006
91.71,-1,-1.00347115322249,-1.00019838081747
91.72,-1,-1.00352484974788,-1.00061204447603
91.73,-1,-1.00343770109661,-1.00109719708421
91.74,-1,-1.0033894705893,-1.0014957341204
91.75,-1,-1.00360030712307,-1.00179278811504
91.76,-1,-1.00408917714479,-1.00215758494018
91.77,-1,-1.00461352392405,-1.00276574336002
91.78,-1,-1.00489857689855,-1.00358573078773
91.79,-1,-1.0049095564426,-1.00441183641807
91.8,-1,-1.00486449678971,-1.00504508062638
91.81,-1,-1.0049789495589,-1.00538965964699
91.82,-1,-1.00523548342624,-1.00547622368372
91.83,-1,-1.00537999659819,-1.00543115127619
91.84,-1,-1.00515754922599,-1.0054135160568
91.85,-1,-1.00458105071853,-1.0054925517533
91.86,-1,-1.00393052706767,-1.00555572756887
91.87,-1,-1.00348288643804,-1.00544476205196
91.88,-1,-1.00332245902552,-1.00516745212807
91.89,-1,-1.00332695583073,-1.00492208382836
91.9,-1,-1.00321131353028,-1.00490851233732
91.91,-1,-1.00279083058018,-1.00512687519305
91.92,-1,-1.00222412730752,-1.00536844894202
91.93,-1,-1.00185408074877,-1.00541840708729
91.94,-1,-1.00184256099601,-1.00524915210074
91.95,-1,-1.00202887929719,-1.00505028501399
91.96,-1,-1.00208548910958,-1.00505153103277
91.97,-1,-1.00178260230282,-1.00529140015301
91.98,-1,-1.00126490040973,-1.0056097818704
91.99,-1,-1.00098252385001,-1.00575839867768
92,-1,-1.00119358127358,-1.00552820358852
92.01,-1,-1.00170204089405,-1.00498206063272
92.02,-1,-1.00209721555798,-1.00448193506371
92.03,-1,-1.00211395610959,-1.00434516569231
92.04,-1,-1.00182736831527,-1.00454024226643
92.05,-1,-1.00155094413263,-1.00476394180589
92.06,-1,-1.0015071706933,-1.00475381360451
92.07,-1,-1.00165792617985,-1.00450802307985
92.08,-1,-1.00182079530571,-1.00424139336874
92.09,-1,-1.00184387835149,-1.00413363554284
92.1,-1,-1.00167310936474,-1.00417519007818
92.11,-1,-1.00139453242327,-1.00421229550074
92.12,-1,-1.001242672632,-1.00408128657361
92.13,-1,-1.00140887266626,-1.00374286598616
92.14,-1,-1.00181588354505,-1.00329918166296
92.15,-1,-1.00218336962428,-1.00291670986189
92.16,-1,-1.00232426638711,-1.00270752050007
92.17,-1,-1.00230351710607,-1.00268347785555
92.18,-1,-1.00232207110039,-1.00277614838886
92.19,-1,-1.00246922473197,-1.0028174339333
92.2,-1,-1.00263389472064,-1.00265504259466
92.21,-1,-1.00266836385571,-1.00235163236972
92.22,-1,-1.00255684566993,-1.00215285404158
92.23,-1,-1.00245358430591,-1.00222059952534
92.24,-1,-1.00255622557937,-1.00245329759484
92.25,-1,-1.0028927716675,-1.00255055667369
92.26,-1,-1.00325779150735,-1.00227438485152
92.27,-1,-1.00339973902408,-1.00173265963925
92.28,-1,-1.00332053374653,-1.00131159552733
92.29,-1,-1.00327134040451,-1.00126135638101
92.3,-1,-1.00342696017218,-1.00145267633109
92.31,-1,-1.00370788209583,-1.0015438506923
92.32,-1,-1.00393182946681,-1.00136877956615
92.33,-1,-1.00405112560605,-1.00113665773469
92.34,-1,-1.00416723928794,-1.00116913153128
92.35,-1,-1.00431611466877,-1.00152318620903
92.36,-1,-1.00441064629767,-1.00199970342805
92.37,-1,-1.00440091773095,-1.00240859522607
92.38,-1,-1.004356838077,-1.00269011089424
92.39,-1,-1.00438014273101,-1.00291098950639
92.4,-1,-1.00446537800877,-1.00320210178272
92.41,-1,-1.00453454611961,-1.00364303900433
92.42,-1,-1.00452768536908,-1.00416889683033
92.43,-1,-1.00444279156367,-1.00461231859902
92.44,-1,-1.0043862727344,-1.00485068260782
92.45,-1,-1.00448579386533,-1.00490516523863
92.46,-1,-1.00472503219914,-1.00492881371497
92.47,-1,-1.00495685625585,-1.00509388545404
92.48,-1,-1.00505956416191,-1.0053651562143
92.49,-1,-1.00498480067341,-1.00545288658546
92.5,-1,-1.00475859620473,-1.0051526223243
92.51,-1,-1.00451669471633,-1.00462235795349
92.52,-1,-1.004407623545,-1.00424364476569
92.53,-1,-1.00446015250039,-1.0042414185488
92.54,-1,-1.00454871622918,-1.00445875066288
92.55,-1,-1.0045045886244,-1.00449981155177
92.56,-1,-1.00425728458035,-1.00411726657998
92.57,-1,-1.00385498944893,-1.00339837300065
92.58,-1,-1.00340417116616,-1.0026685937326
92.59,-1,-1.00302095030587,-1.00225978385106
92.6,-1,-1.00279767686065,-1.00221776439531
92.61,-1,-1.00271604261944,-1.00229374012919
92.62,-1,-1.00265277022052,-1.0022489707906
92.63,-1,-1.00253498807029,-1.00209281706547
92.64,-1,-1.002443357065,-1.00198785823661
92.65,-1,-1.00250322472066,-1.00203829945054
92.66,-1,-1.00271490920783,-1.00222933775932
92.67,-1,-1.00295965117259,-1.0024782470389
92.68,-1,-1.00311766837238,-1.00270884448198
92.69,-1,-1.00314042563292,-1.00289353009241
92.7,-1,-1.00306722219906,-1.00302718916594
92.71,-1,-1.0029885999837,-1.00310316276582
92.72,-1,-1.0030112039587,-1.00320834981171
92.73,-1,-1.00324026908677,-1.00350571949241
92.74,-1,-1.00367006701293,-1.00403349263195
92.75,-1,-1.00418086787891,-1.00457560569469
92.76,-1,-1.00466157535351,-1.00482264192756
92.77,-1,-1.00502501711064,-1.00475461174843
92.78,-1,-1.00527425661388,-1.00466061002779
92.79,-1,-1.00554064245112,-1.00481478090061
92.8,-1,-1.00591966709883,-1.00523159768404
92.81,-1,-1.00641700199007,-1.0056276147009
92.82,-1,-1.00701458405394,-1.00569875511479
92.83,-1,-1.00760025562292,-1.00544888537906
92.84,-1,-1.00798311388395,-1.00514120380134
92.85,-1,-1.00806552837914,-1.00499130322275
92.86,-1,-1.00792956634801,-1.0049874111996
92.87,-1,-1.00778790017565,-1.00494482579568
92.88,-1,-1.00782385862742,-1.00471724847789
92.89,-1,-1.00803301268883,-1.00436261649669
92.9,-1,-1.00823162072224,-1.00405316258405
92.91,-1,-1.00822837388785,-1.00388295373661
92.92,-1,-1.00802733679897,-1.00377862813221
92.93,-1,-1.00781861845764,-1.00360460021943
92.94,-1,-1.00779341241246,-1.00338754272658
92.95,-1,-1.00799429110599,-1.00331677401128
92.96,-1,-1.0082522906211,-1.00353424240684
92.97,-1,-1.00832655577841,-1.00396456506313
92.98,-1,-1.0081951450146,-1.00440707158484
92.99,-1,-1.00811469878971,-1.00476248319616
93,-1,-1.00829134580572,-1.00506905875463
93.01,-1,-1.00858908005184,-1.00540345672279
93.02,-1,-1.00869367129916,-1.00583861964469
93.03,-1,-1.00845442518655,-1.00640618281054
93.04,-1,-1.00794187275245,-1.00702099057657
93.05,-1,-1.00736399687134,-1.00751511671419
93.06,-1,-1.00698397572616,-1.00775581422987
93.07,-1,-1.00696782634989,-1.0077518107229
93.08,-1,-1.00725610891922,-1.00767274902424
93.09,-1,-1.00763970182101,-1.0077235604056
93.1,-1,-1.00797140232934,-1.00799852913954
93.11,-1,-1.00819767423287,-1.00841096242386
93.12,-1,-1.00830379595939,-1.00873422365018
93.13,-1,-1.00831491082226,-1.00878656131157
93.14,-1,-1.00829290111786,-1.00865092771662
93.15,-1,-1.00827272107391,-1.00862055358034
93.16,-1,-1.00818793270053,-1.00886651103057
93.17,-1,-1.00792731254894,-1.00923168837036
93.18,-1,-1.00751090841765,-1.00942486939667
93.19,-1,-1.00714496296574,-1.00938921281483
93.2,-1,-1.00703091885313,-1.00931471398553
93.21,-1,-1.00717528048922,-1.00936414392476
93.22,-1,-1.00738482979575,-1.00949851815088
93.23,-1,-1.0074188963947,-1.00957682094586
93.24,-1,-1.00718991525515,-1.00957102425275
93.25,-1,-1.00685069297359,-1.00954894217458
93.26,-1,-1.00663581536686,-1.00960893739446
93.27,-1,-1.00660483037365,-1.00981853040444
93.28,-1,-1.00654148823759,-1.01009583687401
93.29,-1,-1.00616500859291,-1.01024973260528
93.3,-1,-1.00551773283821,-1.01012721685274
93.31,-1,-1.00494409362265,-1.00976463208046
93.32,-1,-1.0047304183703,-1.0094032537341
93.33,-1,-1.00487882922366,-1.00924449696786
93.34,-1,-1.00512493734008,-1.0092364293993
93.35,-1,-1.00517481493995,-1.00917426554809
93.36,-1,-1.00492545930277,-1.00895688267712
93.37,-1,-1.00452024974478,-1.00865360144859
93.38,-1,-1.00420810398664,-1.00838063095897
93.39,-1,-1.00410522144097,-1.00823931400058
93.4,-1,-1.0041290607418,-1.00825548108017
93.41,-1,-1.00412007872666,-1.0083036693466
93.42,-1,-1.00403441678128,-1.00823134848938
93.43,-1,-1.00399053388872,-1.00806326254422
93.44,-1,-1.00407836407426,-1.00793870981855
93.45,-1,-1.00423388157472,-1.00791256475529
93.46,-1,-1.00433337040147,-1.00793123070616
93.47,-1,-1.00434174409042,-1.00793167608711
93.48,-1,-1.00431745392588,-1.0079066430082
93.49,-1,-1.0042942599993,-1.00788004433629
93.5,-1,-1.00424346824868,-1.00785313752092
93.51,-1,-1.00416382078376,-1.00780810244072
93.52,-1,-1.0040945102512,-1.00774854834136
93.53,-1,-1.00410160694948,-1.00772856544065
93.54,-1,-1.00425070302228,-1.00783358591061
93.55,-1,-1.00449867863414,-1.00805786074161
93.56,-1,-1.00475916151153,-1.00828975089712
93.57,-1,-1.00501083264844,-1.00842288987444
93.58,-1,-1.00522394328425,-1.00839931990953
93.59,-1,-1.00531347921025,-1.00829739144493
93.6,-1,-1.00516734658778,-1.00828017854911
93.61,-1,-1.0047252886275,-1.0083548379399
93.62,-1,-1.00410760898255,-1.00834800996591
93.63,-1,-1.00357211940423,-1.00809681779299
93.64,-1,-1.00325838598209,-1.00765143489104
93.65,-1,-1.00304861572816,-1.00727717363902
93.66,-1,-1.00274328426733,-1.00717707727791
93.67,-1,-1.0022820941448,-1.00728398452094
93.68,-1,-1.00176707886003,-1.00734389680254
93.69,-1,-1.00134748469589,-1.00716436178553
93.7,-1,-1.00107171378821,-1.00681716558945
93.71,-1,-1.00093042560724,-1.00659361603117
93.72,-1,-1.00091295665325,-1.00668611768573
93.73,-1,-1.00093725867089,-1.00695945808397
93.74,-1,-1.00090582272451,-1.00708822437418
93.75,-1,-1.00085553622685,-1.00689713372934
93.76,-1,-1.00092338811054,-1.00648085737147
93.77,-1,-1.00117031507953,-1.00604795178273
93.78,-1,-1.00151279553804,-1.00576327632258
93.79,-1,-1.00178464182708,-1.00564119872371
93.8,-1,-1.00186316979037,-1.0055849683372
93.81,-1,-1.00183518805413,-1.00547699276834
93.82,-1,-1.00196435064774,-1.005212927104
93.83,-1,-1.00238286796607,-1.0047941485125
93.84,-1,-1.00292983962867,-1.00433870804414
93.85,-1,-1.00336075849602,-1.00394748246284
93.86,-1,-1.0036265867877,-1.00362051697623
93.87,-1,-1.00386931328757,-1.0033174515523
93.88,-1,-1.00418093436477,-1.00304030969664
93.89,-1,-1.00446333487017,-1.00281115597357
93.9,-1,-1.0044977184248,-1.00258501091668
93.91,-1,-1.00416553556936,-1.00227440927648
93.92,-1,-1.00363388819874,-1.00188660680328
93.93,-1,-1.00321618811872,-1.00153123622468
93.94,-1,-1.00307923564446,-1.0012881558445
93.95,-1,-1.00315171015791,-1.00114202602954
93.96,-1,-1.00326513457479,-1.00103798857787
93.97,-1,-1.00330934987128,-1.00096720000875
93.98,-1,-1.00326535716646,-1.000987114716
93.99,-1,-1.00319029295506,-1.00110940341306
94,-1,-1.00314939303547,-1.00122903526808
94.01,-1,-1.00316661952013,-1.00126200199094
94.02,-1,-1.00321309235555,-1.0012571666868
94.03,-1,-1.00318770681943,-1.00131077387004
94.04,-1,-1.00303041270017,-1.00145287757146
94.05,-1,-1.00282975492402,-1.00162451749273
94.06,-1,-1.0026907230405,-1.00175332271141
94.07,-1,-1.00260716919593,-1.00187616577587
94.08,-1,-1.00250205977538,-1.00211002928853
94.09,-1,-1.00231748500257,-1.00250010092589
94.1,-1,-1.00212267832711,-1.00300324896573
94.11,-1,-1.00213086786234,-1.00356055438126
94.12,-1,-1.00250491269339,-1.00415651473317
94.13,-1,-1.0031153053767,-1.00477421126809
94.14,-1,-1.00363457894842,-1.0053238517386
94.15,-1,-1.00388641918142,-1.00574576260787
94.16,-1,-1.00396782104333,-1.00615908661446
94.17,-1,-1.00412148309345,-1.00677984439756
94.18,-1,-1.0045387649119,-1.00764826307015
94.19,-1,-1.00517349681076,-1.00853061348411
94.2,-1,-1.00577509900071,-1.00910388849277
94.21,-1,-1.00614564188225,-1.00923574515313
94.22,-1,-1.0063009698302,-1.00910821319268
94.23,-1,-1.00639295164383,-1.00905260658094
94.24,-1,-1.00654677943202,-1.00926886208446
94.25,-1,-1.00677782514823,-1.00962044537353
94.26,-1,-1.00698932743654,-1.0097723257473
94.27,-1,-1.0071098944242,-1.00964188433431
94.28,-1,-1.00720683968978,-1.0095243333667
94.29,-1,-1.00734716741522,-1.0096938014622
94.3,-1,-1.00748258429697,-1.01008446804716
94.31,-1,-1.00752972380939,-1.0104483519059
94.32,-1,-1.00745015101562,-1.01064024888492
94.33,-1,-1.00727893051518,-1.01071031909138
94.34,-1,-1.00709708793283,-1.01078655642402
94.35,-1,-1.00702610693677,-1.01091568109389
94.36,-1,-1.007129838736,-1.01105203047282
94.37,-1,-1.00724561746002,-1.01112798845341
94.38,-1,-1.0071339761525,-1.01110496082771
94.39,-1,-1.00678079894729,-1.01102926109639
94.4,-1,-1.00641208635498,-1.01097453501195
94.41,-1,-1.00625474164253,-1.01091891539363
94.42,-1,-1.00639312278317,-1.01078413056184
94.43,-1,-1.00675924622734,-1.01053823554121
94.44,-1,-1.0071441821199,-1.01028284603279
94.45,-1,-1.00730877616387,-1.0101931821033
94.46,-1,-1.00720652465642,-1.01032824071973
94.47,-1,-1.0070700459475,-1.01055710107212
94.48,-1,-1.00717414888039,-1.01071397142534
94.49,-1,-1.00755447393108,-1.01080418537581
94.5,-1,-1.00801017228152,-1.01098310956039
94.51,-1,-1.00830400995823,-1.01136485898832
94.52,-1,-1.00832598863804,-1.01187938545555
94.53,-1,-1.00817482417544,-1.01228707613346
94.54,-1,-1.00810076160775,-1.01240878828933
94.55,-1,-1.00825179575256,-1.01233496953962
94.56,-1,-1.00853480927437,-1.01232470372482
94.57,-1,-1.00877025952344,-1.01251114585853
94.58,-1,-1.00886386739559,-1.01277120448945
94.59,-1,-1.0088620771705,-1.01293859896645
94.6,-1,-1.00892097859821,-1.01301815353707
94.61,-1,-1.00915690808384,-1.01310440542569
94.62,-1,-1.00950638620107,-1.01324093051032
94.63,-1,-1.00977235480243,-1.0134016458872
94.64,-1,-1.00980186052675,-1.01352480923584
94.65,-1,-1.00965016000832,-1.01359068655298
94.66,-1,-1.0095576721786,-1.01359317865161
94.67,-1,-1.0096960190299,-1.01346329803086
94.68,-1,-1.00999038042756,-1.01317507946219
94.69,-1,-1.01018851992239,-1.01284893988651
94.7,-1,-1.01013581120482,-1.01264291805396
94.71,-1,-1.00998347722497,-1.01263324822923
94.72,-1,-1.00998415499868,-1.01279337264384
94.73,-1,-1.0101820330287,-1.01302908078234
94.74,-1,-1.01037869972385,-1.01322404815163
94.75,-1,-1.01032528891013,-1.01330521167584
94.76,-1,-1.00995000416035,-1.01333634712833
94.77,-1,-1.00942801670274,-1.0134222314757
94.78,-1,-1.00898895381562,-1.01354206919615
94.79,-1,-1.0086985131382,-1.0135589665224
94.8,-1,-1.0084449755317,-1.01336177018621
94.81,-1,-1.00805644486137,-1.01300431918407
94.82,-1,-1.00746691175662,-1.01269933421972
94.83,-1,-1.00679740306461,-1.01261903207907
94.84,-1,-1.00628503544762,-1.01273620842472
94.85,-1,-1.00606150303793,-1.01293575963299
94.86,-1,-1.00598193404629,-1.01315600846814
94.87,-1,-1.00577958542283,-1.01332909202388
94.88,-1,-1.00533442356129,-1.01333031766665
94.89,-1,-1.00476129569512,-1.01311934083488
94.9,-1,-1.004278885702,-1.0128407040053
94.91,-1,-1.0039553128199,-1.01266694930151
94.92,-1,-1.00366102706251,-1.01261644984003
94.93,-1,-1.0032940504458,-1.01255869784865
94.94,-1,-1.00287522241455,-1.01240437418529
94.95,-1,-1.00247987867835,-1.01220604733966
94.96,-1,-1.00218901431669,-1.01209278308306
94.97,-1,-1.00200965490039,-1.01212843669893
94.98,-1,-1.00184690990041,-1.01220796942186
94.99,-1,-1.00155489482192,-1.01216835767405
95,-1,-1.00104997729817,-1.0119416843683
95.01,-1,-1.00044071487411,-1.01162124762489
95.02,-1,-0.999968276631932,-1.01133682246191
95.03,-1,-0.999765623015908,-1.01107224071723
95.04,-1,-0.999756692471361,-1.01074809131209
95.05,-1,-0.999782860095292,-1.01036602886958
95.06,-1,-0.999778904273209,-1.00999425739974
95.07,-1,-0.999828391129318,-1.00967706002531
95.08,-1,-1.00002941732605,-1.00940402058485
95.09,-1,-1.00037689489335,-1.00917102484624
95.1,-1,-1.00076436166529,-1.009008501383
95.11,-1,-1.00104688844709,-1.00890401131187
95.12,-1,-1.00121653179247,-1.00876172196735
95.13,-1,-1.00140718681421,-1.00848700189852
95.14,-1,-1.0017442015371,-1.00808323462019
95.15,-1,-1.0022648733676,-1.00767591372359
95.16,-1,-1.00283841614656,-1.0074359445574
95.17,-1,-1.00322260547558,-1.00746343006806
95.18,-1,-1.0033128190804,-1.00767625458268
95.19,-1,-1.00329512831229,-1.00784168177931
95.2,-1,-1.00348187258778,-1.00779204676924
95.21,-1,-1.00396275001815,-1.00753796499049
95.22,-1,-1.00451767676016,-1.00721153341634
95.23,-1,-1.00489514215298,-1.00695736761516
95.24,-1,-1.00507184341655,-1.00681323969838
95.25,-1,-1.00525137125708,-1.00661857403878
95.26,-1,-1.00558420428235,-1.0061416265102
95.27,-1,-1.00594106621765,-1.0053888225233
95.28,-1,-1.00607232451676,-1.00466408806028
95.29,-1,-1.00589788573292,-1.00424262010668
95.3,-1,-1.00560795546012,-1.00406948258881
95.31,-1,-1.00549992229438,-1.0038515672881
95.32,-1,-1.00569649283079,-1.00338499086937
95.33,-1,-1.00606952322238,-1.00279093785004
95.34,-1,-1.00638848872199,-1.00241647336223
95.35,-1,-1.00653649525128,-1.00244988065855
95.36,-1,-1.00656969226022,-1.00272778470351
95.37,-1,-1.00660578864841,-1.0029431471241
95.38,-1,-1.00673763575704,-1.00292932524844
95.39,-1,-1.0069745111861,-1.00272647549414
95.4,-1,-1.00730990010871,-1.00249425918662
95.41,-1,-1.00775079535288,-1.0023255078901
95.42,-1,-1.00825307467348,-1.00214002546574
95.43,-1,-1.00874104722224,-1.0017896875054
95.44,-1,-1.00916981869885,-1.00122848098726
95.45,-1,-1.00954590985167,-1.00058444028408
95.46,-1,-1.00986411928578,-1.00001259509195
95.47,-1,-1.01011777809922,-0.999562668219198
95.48,-1,-1.01035724385396,-0.999203288210334
95.49,-1,-1.0106115213726,-0.998838441110524
95.5,-1,-1.01083860072177,-0.998394112432336
95.51,-1,-1.01101272028903,-0.997941778295116
95.52,-1,-1.01115488514533,-0.997623078312298
95.53,-1,-1.01129676970644,-0.997465612062782
95.54,-1,-1.01145118267964,-0.997367048872282
95.55,-1,-1.01155320279318,-0.997228597308369
95.56,-1,-1.01151840830939,-0.997002921713299
95.57,-1,-1.01138094327913,-0.996712023915316
95.58,-1,-1.01124057086668,-0.996499768173971
95.59,-1,-1.01113179348953,-0.996511993575772
95.6,-1,-1.01099198104008,-0.996741727891773
95.61,-1,-1.01069628020422,-0.99707768417863
95.62,-1,-1.01020449516576,-0.997416069979405
95.63,-1,-1.00960123829214,-0.997675095552844
95.64,-1,-1.00895782397545,-0.997827578916656
95.65,-1,-1.0082984512282,-0.997953593990587
95.66,-1,-1.00770609739236,-0.998159859840092
95.67,-1,-1.00729535249003,-0.998438560803421
95.68,-1,-1.00698381698084,-0.998698880929901
95.69,-1,-1.00653083966948,-0.99892865158516
95.7,-1,-1.00585977520698,-0.999189870667061
95.71,-1,-1.0051655273701,-0.999531106044778
95.72,-1,-1.00468293448319,-0.999993132511717
95.73,-1,-1.00443634932999,-1.00057186711658
95.74,-1,-1.00429442710389,-1.00119357136617
95.75,-1,-1.00410770007215,-1.00178450258568
95.76,-1,-1.00375733346577,-1.00232268506601
95.77,-1,-1.00328156221932,-1.00279424225598
95.78,-1,-1.00287952469004,-1.00315314606577
95.79,-1,-1.00268686806831,-1.003382838407
95.8,-1,-1.00265231458395,-1.00354804458462
95.81,-1,-1.00260675583794,-1.00377979695362
95.82,-1,-1.00239904677033,-1.0041624902282
95.83,-1,-1.00206533584995,-1.00461317004826
95.84,-1,-1.00183079597625,-1.00495395697491
95.85,-1,-1.00188369263489,-1.00507785829673
95.86,-1,-1.00214901950359,-1.00507773418251
95.87,-1,-1.00232474179176,-1.00519185438373
95.88,-1,-1.00220919603712,-1.00558980134749
95.89,-1,-1.0019348666378,-1.00619678844754
95.9,-1,-1.001834068944,-1.00674473503829
95.91,-1,-1.00210413402551,-1.00703871416366
95.92,-1,-1.00265091345418,-1.00713885167091
95.93,-1,-1.00319953009359,-1.00727009192811
95.94,-1,-1.00356288050383,-1.0075567684598
95.95,-1,-1.0037722452157,-1.00789507908141
95.96,-1,-1.00398024604768,-1.00807832706938
95.97,-1,-1.00431372954768,-1.00796337808943
95.98,-1,-1.00473903634674,-1.00758157106614
95.99,-1,-1.00505473999871,-1.00719072800209
96,-1,-1.00513708230186,-1.00704299549286
96.01,-1,-1.00516352284246,-1.00706027840365
96.02,-1,-1.00543510500327,-1.00688262793927
96.03,-1,-1.00603328679152,-1.00628482366423
96.04,-1,-1.00674718955314,-1.00545646881177
96.05,-1,-1.00728056689173,-1.0048633980153
96.06,-1,-1.00746615199801,-1.00482165166548
96.07,-1,-1.00735545677916,-1.00511541098293
96.08,-1,-1.0071872339132,-1.00519548976684
96.09,-1,-1.00721738159217,-1.00478166073765
96.1,-1,-1.00747909010738,-1.00413931220466
96.11,-1,-1.00777668269805,-1.00380159909266
96.12,-1,-1.00796680949987,-1.00404617432052
96.13,-1,-1.00808100675537,-1.00461228849725
96.14,-1,-1.00817127871236,-1.004926992536
96.15,-1,-1.00825839719717,-1.0046609159655
96.16,-1,-1.00835745895219,-1.00400382867697
96.17,-1,-1.00844167833638,-1.0034277796943
96.18,-1,-1.00845164067114,-1.00323134343075
96.19,-1,-1.00833264413877,-1.00324263262102
96.2,-1,-1.0080473435948,-1.00302477640557
96.21,-1,-1.00760356258249,-1.00237789354916
96.22,-1,-1.00712528457129,-1.00155053292739
96.23,-1,-1.00681044433669,-1.00097480398005
96.24,-1,-1.00673422869733,-1.00088748125191
96.25,-1,-1.00676541855936,-1.00114944942221
96.26,-1,-1.00667502361958,-1.00137111928095
96.27,-1,-1.00637774440216,-1.00123566973663
96.28,-1,-1.00609964356965,-1.00074674188722
96.29,-1,-1.00613242116854,-1.00019143672782
96.3,-1,-1.0064390906838,-0.999861813518324
96.31,-1,-1.00663662547581,-0.99979702524525
96.32,-1,-1.00640094536394,-0.99979368540468
96.33,-1,-1.00584711200221,-0.999665557003287
96.34,-1,-1.00541279638828,-0.999394519054218
96.35,-1,-1.00539516152633,-0.999117432515845
96.36,-1,-1.00566196779728,-0.998996829468226
96.37,-1,-1.0058261520522,-0.999054022670499
96.38,-1,-1.0056834237343,-0.999197519192541
96.39,-1,-1.00539341113431,-0.999285945527787
96.4,-1,-1.00527283768853,-0.999203126490937
96.41,-1,-1.00547163511076,-0.998944690014536
96.42,-1,-1.00577326322194,-0.998586142436566
96.43,-1,-1.0057970703095,-0.998249841065651
96.44,-1,-1.00542310096153,-0.998078692111062
96.45,-1,-1.00491674996819,-0.998138137091988
96.46,-1,-1.00466529938189,-0.998321349996395
96.47,-1,-1.00480928354484,-0.998432387403067
96.48,-1,-1.00509681264482,-0.998428391610014
96.49,-1,-1.00517033650216,-0.998482312082661
96.5,-1,-1.00491142800315,-0.99873917952672
96.51,-1,-1.00449044719346,-0.999149157535316
96.52,-1,-1.0042101647388,-0.999593866144397
96.53,-1,-1.00419342752695,-1.00002287376182
96.54,-1,-1.00425793030991,-1.0004636391635
96.55,-1,-1.00412051681203,-1.00091155483687
96.56,-1,-1.00368949686729,-1.00127857937081
96.57,-1,-1.00311325825062,-1.00148802040109
96.58,-1,-1.00261453465614,-1.00156587683479
96.59,-1,-1.00236241964486,-1.00170309368899
96.6,-1,-1.00235827353988,-1.00211231556626
96.61,-1,-1.00243192958751,-1.00275445382982
96.62,-1,-1.00238801516879,-1.00337384232751
96.63,-1,-1.00217308414653,-1.00380530531222
96.64,-1,-1.00187836334158,-1.00411889873655
96.65,-1,-1.00162094192479,-1.00447398608998
96.66,-1,-1.00147589586628,-1.00494057366365
96.67,-1,-1.00142261383274,-1.00547091411486
96.68,-1,-1.00137609725299,-1.00600134666472
96.69,-1,-1.00121324329217,-1.00650247707563
96.7,-1,-1.00085097171441,-1.00692590669692
96.71,-1,-1.00043896365694,-1.00722779883628
96.72,-1,-1.0001956224475,-1.00742291801887
96.73,-1,-1.0001520219218,-1.00757863654048
96.74,-1,-1.00020429828311,-1.00776370316759
96.75,-1,-1.00022333970118,-1.00798808182505
96.76,-1,-1.00014861924,-1.00813479090669
96.77,-1,-1.00009349907567,-1.00806237661932
96.78,-1,-1.00024548187712,-1.00780996855321
96.79,-1,-1.00062037024279,-1.00754313039319
96.8,-1,-1.001056031078,-1.00738078323072
96.81,-1,-1.00140553141998,-1.00731707519242
96.82,-1,-1.00165977512625,-1.00722438972907
96.83,-1,-1.0019146980814,-1.0069656507324
96.84,-1,-1.00228074486608,-1.00650609288865
96.85,-1,-1.00275414915556,-1.00594143839069
96.86,-1,-1.00320007076353,-1.00544557651697
96.87,-1,-1.00351742424224,-1.00513489829998
96.88,-1,-1.00374237807616,-1.00493907837221
96.89,-1,-1.00398199042413,-1.0046753261632
96.9,-1,-1.00429535384235,-1.00428713505672
96.91,-1,-1.00465818244292,-1.00392013540722
96.92,-1,-1.00506383566971,-1.00373511220213
96.93,-1,-1.00555137965376,-1.00371974790468
96.94,-1,-1.0061172022539,-1.00371036638887
96.95,-1,-1.00669113153752,-1.00358472957905
96.96,-1,-1.00717929426221,-1.0033877412006
96.97,-1,-1.00754482845628,-1.00327170060285
96.98,-1,-1.00787605793539,-1.00330238066738
96.99,-1,-1.00827586602432,-1.00337097555204
97,-1,-1.00870680080012,-1.00334898766146
97.01,-1,-1.00904355888315,-1.00325010930535
97.02,-1,-1.0092110170634,-1.00318719726249
97.03,-1,-1.00930992887526,-1.00318186134018
97.04,-1,-1.00951264183691,-1.00314440566553
97.05,-1,-1.009813464183,-1.00305491962936
97.06,-1,-1.01005217453758,-1.00301179110917
97.07,-1,-1.01010749006517,-1.00316259431127
97.08,-1,-1.00997732978862,-1.00359385042396
97.09,-1,-1.00977609956253,-1.00421663053265
97.1,-1,-1.00962284809236,-1.0048171667895
97.11,-1,-1.00953223684994,-1.00524543732269
97.12,-1,-1.0095230039555,-1.00551971530156
97.13,-1,-1.00961444935523,-1.0057228044679
97.14,-1,-1.00970545007256,-1.0058848500501
97.15,-1,-1.0096350912546,-1.0059834021164
97.16,-1,-1.0093503526031,-1.00595641725045
97.17,-1,-1.00899528306016,-1.00574911968342
97.18,-1,-1.0088030913775,-1.00542333123637
97.19,-1,-1.00884665006295,-1.00515189553
97.2,-1,-1.008964071342,-1.00502318509351
97.21,-1,-1.00893855905001,-1.00492763934045
97.22,-1,-1.00866447151101,-1.00466749766818
97.23,-1,-1.00821510157051,-1.00419924281998
97.24,-1,-1.00778889014479,-1.00374335125523
97.25,-1,-1.00752980368896,-1.00351142002927
97.26,-1,-1.00736800861681,-1.0034714559412
97.27,-1,-1.00711266743461,-1.00346134833634
97.28,-1,-1.00670058733889,-1.00335120339296
97.29,-1,-1.00622639484664,-1.00310960619985
97.3,-1,-1.00582666007569,-1.0027990901088
97.31,-1,-1.00556888948241,-1.00251984854252
97.32,-1,-1.00536568841593,-1.00231474889239
97.33,-1,-1.00497756825862,-1.00212217936192
97.34,-1,-1.00420091526888,-1.00184840757316
97.35,-1,-1.00310279385306,-1.00146923088876
97.36,-1,-1.00200560840539,-1.00106714315053
97.37,-1,-1.0012281885131,-1.00070418186528
97.38,-1,-1.00077380820275,-1.00032906238686
97.39,-1,-1.00032574638504,-0.999927040062321
97.4,-1,-0.999641418875756,-0.999608835889964
97.41,-1,-0.998830989818929,-0.9994717610152
97.42,-1,-0.998191469152751,-0.999491367573725
97.43,-1,-0.997903713345483,-0.999532451430815
97.44,-1,-0.997869959528436,-0.99946961376882
97.45,-1,-0.997764867418638,-0.999336961322289
97.46,-1,-0.997346335941862,-0.999298652202347
97.47,-1,-0.996747880678179,-0.999469305888826
97.48,-1,-0.996317452081111,-0.999780860809113
97.49,-1,-0.996243709984698,-1.0000519743758
97.5,-1,-0.996351154238001,-1.00016283484606
97.51,-1,-0.996216015992744,-1.00015188015056
97.52,-1,-0.99559458119356,-1.00017718180513
97.53,-1,-0.994683766091678,-1.00039847916435
97.54,-1,-0.993943872762997,-1.00084463879505
97.55,-1,-0.993670737429367,-1.00131545499941
97.56,-1,-0.993709447402926,-1.00151056779113
97.57,-1,-0.993609763995306,-1.00137237393245
97.58,-1,-0.993085606845612,-1.00117343879936
97.59,-1,-0.992290053138906,-1.00123347976746
97.6,-1,-0.991662125794217,-1.00165478435459
97.61,-1,-0.991553628737112,-1.00222188681071
97.62,-1,-0.991867539186432,-1.00252884260075
97.63,-1,-0.992113211203485,-1.00232928112044
97.64,-1,-0.991949828201978,-1.00181973354253
97.65,-1,-0.991518305526999,-1.00152102687771
97.66,-1,-0.991245113787535,-1.00178425428213
97.67,-1,-0.991435161014201,-1.00243668880186
97.68,-1,-0.991965878687768,-1.00293416266084
97.69,-1,-0.992379338618483,-1.00288558015075
97.7,-1,-0.992342813391177,-1.00239884461702
97.71,-1,-0.991991035498998,-1.00188585761883
97.72,-1,-0.991776299460959,-1.00169568429547
97.73,-1,-0.992020044410751,-1.00187626834375
97.74,-1,-0.992651739015021,-1.00214584021313
97.75,-1,-0.99330990336636,-1.00218870372341
97.76,-1,-0.993681877934922,-1.00195132627577
97.77,-1,-0.993771489149518,-1.00163736742252
97.78,-1,-0.99383966806227,-1.00149139543197
97.79,-1,-0.994192353484866,-1.00155693374617
97.8,-1,-0.994924968943209,-1.00165742874251
97.81,-1,-0.995803852932673,-1.00160703205785
97.82,-1,-0.996476901328468,-1.00140824566663
97.83,-1,-0.996808825984012,-1.00121067168192
97.84,-1,-0.9970218278543,-1.0011208589794
97.85,-1,-0.997412063567548,-1.00112477690329
97.86,-1,-0.997981342354884,-1.0011439178793
97.87,-1,-0.998517161117496,-1.00112055584325
97.88,-1,-0.998910118296202,-1.00105019882426
97.89,-1,-0.999200717262339,-1.00098028964582
97.9,-1,-0.9994684643288,-1.00099684507259
97.91,-1,-0.99975269110596,-1.00114758296598
97.92,-1,-1.00002882189176,-1.00133222924729
97.93,-1,-1.00026378955143,-1.00137497268491
97.94,-1,-1.00046009838079,-1.00122064471983
97.95,-1,-1.00062536548668,-1.00103807908899
97.96,-1,-1.00074871787952,-1.00106886757744
97.97,-1,-1.00085496986362,-1.00140689954257
97.98,-1,-1.00098835809199,-1.00192684480436
97.99,-1,-1.00113711028449,-1.0023469841393
98,-1,-1.00126055039039,-1.00239259596406
98.01,-1,-1.0013403165628,-1.00203179334312
98.02,-1,-1.00136171349458,-1.00155591982554
98.03,-1,-1.00131314823233,-1.00127711816019
98.04,-1,-1.00124248291075,-1.0012439106906
98.05,-1,-1.00125581415554,-1.00128931821638
98.06,-1,-1.00142547610618,-1.00123354230944
98.07,-1,-1.00173083029109,-1.00101409833152
98.08,-1,-1.0020635732648,-1.00075824599255
98.09,-1,-1.00228244543142,-1.00070111307614
98.1,-1,-1.00237273322426,-1.00092793313177
98.11,-1,-1.00247506202881,-1.00126831566145
98.12,-1,-1.00267838792236,-1.00147544367343
98.13,-1,-1.00293304292657,-1.00143144399802
98.14,-1,-1.00313147783527,-1.00122938114168
98.15,-1,-1.0031982415336,-1.0011297002636
98.16,-1,-1.00316842365405,-1.00135526401389
98.17,-1,-1.00315233092957,-1.00186464902901
98.18,-1,-1.00326254063177,-1.00230912397917
98.19,-1,-1.00356086952254,-1.00231935724305
98.2,-1,-1.00396033035503,-1.00191683573507
98.21,-1,-1.0042925546431,-1.00152790141704
98.22,-1,-1.00449068621497,-1.0015178582958
98.23,-1,-1.0046103760177,-1.00184587876629
98.24,-1,-1.00473895489455,-1.0021470739246
98.25,-1,-1.00492631259111,-1.00205976416998
98.26,-1,-1.00515569226941,-1.00155530679587
98.27,-1,-1.00531823124952,-1.00093581546579
98.28,-1,-1.00527873367036,-1.00054309653563
98.29,-1,-1.00503711779607,-1.00043664382059
98.3,-1,-1.00480129390766,-1.00036666744369
98.31,-1,-1.00482865501242,-1.00005790143115
98.32,-1,-1.00515911967437,-0.999457294205181
98.33,-1,-1.00556775831789,-0.998803272220812
98.34,-1,-1.00579977210118,-0.998433338501652
98.35,-1,-1.00585742328518,-0.998433313114092
98.36,-1,-1.00596290915483,-0.998592603121837
98.37,-1,-1.00626132936522,-0.998703873713329
98.38,-1,-1.00663247349886,-0.998686425490334
98.39,-1,-1.00682437424235,-0.998570705372588
98.4,-1,-1.00672100030731,-0.998538520161414
98.41,-1,-1.0064896308822,-0.99880248065959
98.42,-1,-1.00646340408428,-0.99936294751208
98.43,-1,-1.00678341082945,-1.00001346726645
98.44,-1,-1.00724345288701,-1.00055774136063
98.45,-1,-1.00749179441867,-1.00096724080915
98.46,-1,-1.00735558742733,-1.00137341206794
98.47,-1,-1.00700877897505,-1.00189422696986
98.48,-1,-1.00678220342984,-1.00249065658562
98.49,-1,-1.00682369586946,-1.00300141608486
98.5,-1,-1.00696712432453,-1.00332051593628
98.51,-1,-1.0069295332488,-1.00355737213789
98.52,-1,-1.00659524636252,-1.00395367091974
98.53,-1,-1.00608757358975,-1.00455954773032
98.54,-1,-1.00563703564959,-1.00512597211292
98.55,-1,-1.00538079510863,-1.00542220110179
98.56,-1,-1.00527591376897,-1.00548034317063
98.57,-1,-1.00517919754741,-1.00547842887601
98.58,-1,-1.0049744292354,-1.00548830404367
98.59,-1,-1.00467804757282,-1.00541266214822
98.6,-1,-1.00441475642165,-1.00518628853917
98.61,-1,-1.00426080288131,-1.00489893455753
98.62,-1,-1.00418145093327,-1.00471168457662
98.63,-1,-1.00413288202178,-1.00468760713862
98.64,-1,-1.00407340975802,-1.00472980280308
98.65,-1,-1.0039295344133,-1.00470128731
98.66,-1,-1.00370364116306,-1.00457995357174
98.67,-1,-1.00347253654629,-1.00449094070853
98.68,-1,-1.00331415610787,-1.00450684241976
98.69,-1,-1.00326177469643,-1.00452314793582
98.7,-1,-1.0032444289196,-1.00437450058428
98.71,-1,-1.00317875211429,-1.00398326461285
98.72,-1,-1.00307055641861,-1.0034279177828
98.73,-1,-1.00295079840985,-1.00287073607167
98.74,-1,-1.00286213449436,-1.00246735113075
98.75,-1,-1.00285526916755,-1.00227607871481
98.76,-1,-1.0029126372229,-1.00219320666731
98.77,-1,-1.00301203449083,-1.00205388785793
98.78,-1,-1.00317309840392,-1.00177415432648
98.79,-1,-1.00336586079473,-1.00141094991427
98.8,-1,-1.00354850421037,-1.00109137422607
98.81,-1,-1.003743628237,-1.00089177179928
98.82,-1,-1.00400408243516,-1.00076870842089
98.83,-1,-1.00442717896054,-1.0006323781143
98.84,-1,-1.00508655682591,-1.00050797090704
98.85,-1,-1.0058884248023,-1.00049770553856
98.86,-1,-1.00657588951388,-1.00056024088396
98.87,-1,-1.00689044689439,-1.00050393157642
98.88,-1,-1.00677350845969,-1.00026386773315
98.89,-1,-1.00641588843098,-1.00000038739285
98.9,-1,-1.00609692133616,-0.999906324676595
98.91,-1,-1.00597629495558,-1.00001579411419
98.92,-1,-1.00599088719405,-1.00016471507875
98.93,-1,-1.00595437280406,-1.00015000570182
98.94,-1,-1.0057416080766,-0.999917079841485
98.95,-1,-1.00533982435803,-0.999603731413651
98.96,-1,-1.00484170072524,-0.999429302276392
98.97,-1,-1.00440582002087,-0.999504967546516
98.98,-1,-1.00412846100045,-0.9997236175195
98.99,-1,-1.00396021783561,-0.999856792080524
99,-1,-1.00378050271089,-0.999786548307855
99.01,-1,-1.003568253227,-0.999640050710528
99.02,-1,-1.00341794512588,-0.999662078303047
99.03,-1,-1.00337536136951,-0.999951707085218
99.04,-1,-1.00340980778399,-1.00038456741954
99.05,-1,-1.00346290470671,-1.00072314243521
99.06,-1,-1.00347117760358,-1.00077034485528
99.07,-1,-1.00348454762255,-1.00057313030085
99.08,-1,-1.00361415116878,-1.00040353514605
99.09,-1,-1.00387667733293,-1.00043344570188
99.1,-1,-1.00424486700149,-1.00056818961383
99.11,-1,-1.00467698844393,-1.00062908693362
99.12,-1,-1.00508093981336,-1.00058689488732
99.13,-1,-1.00537340942934,-1.00055300467646
99.14,-1,-1.00559215373488,-1.00067847034289
99.15,-1,-1.00584156042296,-1.00103301942951
99.16,-1,-1.00612366392937,-1.00150062536923
99.17,-1,-1.00635053356516,-1.00184065680113
99.18,-1,-1.00646037157901,-1.00189666328624
99.19,-1,-1.0064828667352,-1.00181230120281
99.2,-1,-1.00650525577332,-1.00192570071245
99.21,-1,-1.00655520668785,-1.00243921145506
99.22,-1,-1.00653961922328,-1.00319963356291
99.23,-1,-1.00636713457032,-1.00377830602192
99.24,-1,-1.00611737332159,-1.00390801881499
99.25,-1,-1.00597783742102,-1.00376559503606
99.26,-1,-1.00598848375174,-1.00372344606983
99.27,-1,-1.00596046478179,-1.0039400747261
99.28,-1,-1.00566138684883,-1.00420991306551
99.29,-1,-1.00502958616702,-1.00422719967854
99.3,-1,-1.00427071171878,-1.00397169162707
99.31,-1,-1.00365741854677,-1.00373457339904
99.32,-1,-1.00324219887654,-1.00378150923722
99.33,-1,-1.0028772531979,-1.00410983131356
99.34,-1,-1.00241163243715,-1.00450199611633
99.35,-1,-1.00188508284897,-1.00471064266145
99.36,-1,-1.00151239774252,-1.00465818606573
99.37,-1,-1.0013990012883,-1.00446410538312
99.38,-1,-1.00138014258435,-1.00427970169853
99.39,-1,-1.00119483616543,-1.00417220162332
99.4,-1,-1.00076558795979,-1.00413597182895
99.41,-1,-1.00031608243924,-1.00413069641013
99.42,-1,-1.00012143611457,-1.00409116564493
99.43,-1,-1.00016154625313,-1.00393510521205
99.44,-1,-1.00017029699885,-1.00364165422905
99.45,-1,-0.999953404759349,-1.00336910919166
99.46,-1,-0.999544785917502,-1.00337920593553
99.47,-1,-0.999130366740288,-1.00374151514473
99.48,-1,-0.998910710635172,-1.00421010792593
99.49,-1,-0.998937331114133,-1.00445251408291
99.5,-1,-0.999029538555406,-1.00435289071656
99.51,-1,-0.998939852094642,-1.00413994117432
99.52,-1,-0.998657559293742,-1.00416603723029
99.53,-1,-0.998428228236103,-1.0045230154645
99.54,-1,-0.998431626631367,-1.00493840488711
99.55,-1,-0.998552956688548,-1.00508280368684
99.56,-1,-0.998552585014586,-1.00495932400055
99.57,-1,-0.998359571682427,-1.00490459341785
99.58,-1,-0.998099981285882,-1.00519743086222
99.59,-1,-0.997923759326715,-1.00578859520774
99.6,-1,-0.997893612029789,-1.0064041101832
99.61,-1,-0.998003934388596,-1.00682319523908
99.62,-1,-0.998211418149984,-1.00706205234166
99.63,-1,-0.998456224735859,-1.00730255675858
99.64,-1,-0.998716617549135,-1.00767729596997
99.65,-1,-0.999013562360591,-1.00815985445654
99.66,-1,-0.999342909378346,-1.00860158047062
99.67,-1,-0.999640384535415,-1.0088629935452
99.68,-1,-0.999832850227023,-1.00896763270261
99.69,-1,-0.999960063369171,-1.00906424311585
99.7,-1,-1.0001881133528,-1.00923419091198
99.71,-1,-1.00057905993132,-1.00942534900715
99.72,-1,-1.00101873792813,-1.00956177819485
99.73,-1,-1.00143678375059,-1.00958391085946
99.74,-1,-1.0018793613827,-1.00945364689095
99.75,-1,-1.00235478713105,-1.00925301801692
99.76,-1,-1.00278470059024,-1.00911458639227
99.77,-1,-1.00313971551001,-1.00907380982447
99.78,-1,-1.00349690134934,-1.0090695029961
99.79,-1,-1.0039293448446,-1.00903532096543
99.8,-1,-1.00440096803668,-1.00900935455481
99.81,-1,-1.00482254083127,-1.00907657397549
99.82,-1,-1.0051765790748,-1.00921432305351
99.83,-1,-1.00551744655881,-1.00929072074975
99.84,-1,-1.00585519703172,-1.00921022252171
99.85,-1,-1.00609698566748,-1.00899426240699
99.86,-1,-1.00611658268572,-1.00875140842101
99.87,-1,-1.00592609439679,-1.00862983937214
99.88,-1,-1.00572752322251,-1.00867573184242
99.89,-1,-1.00570141524483,-1.00873836138475
99.9,-1,-1.00580420771691,-1.00861269811513
99.91,-1,-1.0058249888783,-1.00821418196699
99.92,-1,-1.00560124113039,-1.00760971847387
99.93,-1,-1.00518833932359,-1.00697537247822
99.94,-1,-1.00482590049356,-1.00648071279319
99.95,-1,-1.00474651454315,-1.00613634170917
99.96,-1,-1.00496415361661,-1.00578156597993
99.97,-1,-1.00521479159078,-1.00527525469502
99.98,-1,-1.00517939878072,-1.00464223863406
99.99,-1,-1.00481868197683,-1.00404152008623
100,-1,-1.00438759533308,-1.00367348474294
